0.270222, 0.205144, 0.273562, 0.206224, 0.273562, 0.207325, 0.198944, 0.207325, 0.164839, 0.208523, 0.194299, 0.162872, 0.180414, 0.208523, 0.175764, 0.192587, 0.175764, 0.191828, 0.189025, 0.191828, 0.266407, 0.222049, 0.266407, 0.220883, 0.220883, 0.22442, 0.217688, 0.22442, 0.182869, 0.180502
0.273022, 0.207423, 0.276337, 0.206095, 0.276337, 0.208945, 0.200492, 0.208945, 0.166175, 0.210126, 0.195953, 0.164182, 0.181699, 0.210126, 0.176973, 0.19383, 0.176973, 0.193052, 0.190171, 0.193052, 0.267917, 0.223361, 0.267917, 0.222159, 0.222159, 0.225718, 0.219091, 0.225718, 0.184043, 0.181636
0.269302, 0.204699, 0.272578, 0.203643, 0.272578, 0.206484, 0.198065, 0.206484, 0.16402, 0.2073, 0.193621, 0.162035, 0.179183, 0.2073, 0.174452, 0.190952, 0.174452, 0.190168, 0.187259, 0.190168, 0.263786, 0.219968, 0.263786, 0.218781, 0.218781, 0.222329, 0.215865, 0.222329, 0.181266, 0.178838
0.264762, 0.201407, 0.267978, 0.201275, 0.267978, 0.204001, 0.195598, 0.204001, 0.161781, 0.204335, 0.191259, 0.159799, 0.176526, 0.204335, 0.171771, 0.187862, 0.171771, 0.187068, 0.184111, 0.187068, 0.259316, 0.216308, 0.259316, 0.215138, 0.215138, 0.218685, 0.212411, 0.218685, 0.178276, 0.175811
0.268066, 0.203674, 0.271351, 0.203942, 0.271351, 0.206549, 0.198135, 0.206549, 0.164041, 0.207395, 0.19358, 0.162064, 0.179345, 0.207395, 0.174645, 0.191229, 0.174645, 0.190456, 0.18759, 0.190456, 0.264333, 0.220382, 0.264333, 0.219215, 0.219215, 0.222768, 0.216179, 0.222768, 0.181536, 0.179125
0.266256, 0.202598, 0.268299, 0.205109, 0.268299, 0.204567, 0.196173, 0.204567, 0.16229, 0.205073, 0.191722, 0.160316, 0.177254, 0.205073, 0.172536, 0.188798, 0.172536, 0.188017, 0.185112, 0.188017, 0.260799, 0.217491, 0.260799, 0.216333, 0.216333, 0.219879, 0.213459, 0.219879, 0.179188, 0.17675
0.262849, 0.200171, 0.2659, 0.203362, 0.2659, 0.203578, 0.195167, 0.203578, 0.161333, 0.203761, 0.190792, 0.159353, 0.176043, 0.203761, 0.171288, 0.187317, 0.171288, 0.186524, 0.18357, 0.186524, 0.258589, 0.215702, 0.258589, 0.214547, 0.214547, 0.218103, 0.211811, 0.218103, 0.177744, 0.175271
0.265508, 0.202068, 0.26873, 0.204423, 0.26873, 0.204637, 0.196218, 0.204637, 0.162318, 0.205031, 0.191856, 0.160333, 0.177142, 0.205031, 0.172383, 0.188552, 0.172383, 0.187759, 0.184805, 0.187759, 0.260299, 0.217119, 0.260299, 0.215945, 0.215945, 0.219498, 0.213187, 0.219498, 0.178939, 0.176475
0.266337, 0.202608, 0.269438, 0.205272, 0.269438, 0.205313, 0.196915, 0.205313, 0.162956, 0.205967, 0.192413, 0.160982, 0.17807, 0.205967, 0.173364, 0.189762, 0.173364, 0.188986, 0.186102, 0.188986, 0.262219, 0.218648, 0.262219, 0.217489, 0.217489, 0.221036, 0.214537, 0.221036, 0.180121, 0.177697
0.261017, 0.19834, 0.264269, 0.198749, 0.264269, 0.20159, 0.193301, 0.20159, 0.159823, 0.201984, 0.188824, 0.15788, 0.174635, 0.201984, 0.169994, 0.186036, 0.169994, 0.185272, 0.182428, 0.185272, 0.257087, 0.214375, 0.257087, 0.213254, 0.213254, 0.216763, 0.210351, 0.216763, 0.176558, 0.174154
0.271216, 0.206119, 0.272768, 0.208125, 0.272768, 0.20742, 0.199012, 0.20742, 0.164843, 0.208497, 0.194372, 0.16287, 0.180373, 0.208497, 0.175702, 0.192483, 0.175702, 0.191721, 0.188898, 0.191721, 0.266224, 0.221911, 0.266224, 0.220747, 0.220747, 0.224296, 0.217581, 0.224296, 0.182756, 0.180372
0.261646, 0.199105, 0.2636, 0.20192, 0.2636, 0.201409, 0.193092, 0.201409, 0.159594, 0.201614, 0.188686, 0.157641, 0.174246, 0.201614, 0.169565, 0.185481, 0.169565, 0.184705, 0.181815, 0.184705, 0.256174, 0.213657, 0.256174, 0.21253, 0.21253, 0.216049, 0.209738, 0.216049, 0.176008, 0.173574
0.271453, 0.206403, 0.273878, 0.208422, 0.273878, 0.208235, 0.199783, 0.208235, 0.165489, 0.209259, 0.195199, 0.163501, 0.180972, 0.209259, 0.176255, 0.193034, 0.176255, 0.192259, 0.189389, 0.192259, 0.266861, 0.222475, 0.266861, 0.221293, 0.221293, 0.224858, 0.218205, 0.224858, 0.18327, 0.180859
0.276164, 0.209917, 0.278191, 0.210171, 0.278191, 0.209646, 0.201202, 0.209646, 0.166851, 0.211031, 0.196637, 0.16486, 0.182512, 0.211031, 0.177802, 0.194798, 0.177802, 0.194024, 0.191164, 0.194024, 0.269321, 0.224508, 0.269321, 0.223299, 0.223299, 0.226852, 0.220169, 0.226852, 0.184987, 0.182598
0.264598, 0.201039, 0.267876, 0.200631, 0.267876, 0.203301, 0.194983, 0.203301, 0.161346, 0.203938, 0.190512, 0.159392, 0.176323, 0.203938, 0.171666, 0.187908, 0.171666, 0.18714, 0.184288, 0.18714, 0.259674, 0.216522, 0.259674, 0.215377, 0.215377, 0.218891, 0.212442, 0.218891, 0.17836, 0.175961
0.274079, 0.20811, 0.275097, 0.207716, 0.275097, 0.207072, 0.198764, 0.207072, 0.164852, 0.208615, 0.194128, 0.1629, 0.180533, 0.208615, 0.175939, 0.192872, 0.175939, 0.192125, 0.18937, 0.192125, 0.266889, 0.222417, 0.266889, 0.221243, 0.221243, 0.224743, 0.217983, 0.224743, 0.183182, 0.180862
0.274551, 0.208464, 0.2747, 0.207529, 0.2747, 0.206774, 0.198485, 0.206774, 0.164649, 0.208352, 0.193878, 0.162699, 0.180295, 0.208352, 0.175707, 0.192616, 0.175707, 0.191869, 0.189115, 0.191869, 0.266513, 0.222107, 0.266513, 0.22093, 0.22093, 0.22442, 0.21769, 0.22442, 0.182944, 0.180628
0.274168, 0.208252, 0.276595, 0.208705, 0.276595, 0.208314, 0.199943, 0.208314, 0.165804, 0.209794, 0.195295, 0.163836, 0.181534, 0.209794, 0.176897, 0.193894, 0.176897, 0.193139, 0.190352, 0.193139, 0.268262, 0.223573, 0.268262, 0.222391, 0.222391, 0.225918, 0.219143, 0.225918, 0.184144, 0.181798
0.283244, 0.215404, 0.285742, 0.216021, 0.285742, 0.215567, 0.206947, 0.215567, 0.171813, 0.217329, 0.202343, 0.169771, 0.187938, 0.217329, 0.183123, 0.200672, 0.183123, 0.199878, 0.19695, 0.199878, 0.277405, 0.231244, 0.277405, 0.229976, 0.229976, 0.233593, 0.226782, 0.233593, 0.190607, 0.188181
0.26248, 0.199725, 0.26567, 0.200333, 0.26567, 0.203059, 0.194658, 0.203059, 0.160905, 0.203186, 0.190333, 0.158926, 0.175513, 0.203186, 0.170752, 0.186696, 0.170752, 0.1859, 0.182932, 0.1859, 0.257661, 0.214947, 0.257661, 0.213789, 0.213789, 0.217339, 0.211112, 0.217339, 0.177147, 0.174668
0.267014, 0.203364, 0.270175, 0.205691, 0.270175, 0.206283, 0.197751, 0.206283, 0.163549, 0.206437, 0.19352, 0.161528, 0.178209, 0.206437, 0.173335, 0.189439, 0.173335, 0.188616, 0.185544, 0.188616, 0.261219, 0.21797, 0.261219, 0.216761, 0.216761, 0.220356, 0.214203, 0.220356, 0.179746, 0.177209
0.263081, 0.200635, 0.265925, 0.203556, 0.265925, 0.203726, 0.195239, 0.203726, 0.161315, 0.203538, 0.191065, 0.159306, 0.175661, 0.203538, 0.170798, 0.186571, 0.170798, 0.185748, 0.182666, 0.185748, 0.257166, 0.214626, 0.257166, 0.21344, 0.21344, 0.217023, 0.210992, 0.217023, 0.176987, 0.174438
0.267727, 0.203809, 0.270893, 0.206109, 0.270893, 0.206119, 0.19767, 0.206119, 0.163594, 0.206685, 0.193268, 0.161601, 0.178597, 0.206685, 0.17383, 0.190185, 0.17383, 0.189392, 0.186442, 0.189392, 0.26261, 0.219025, 0.26261, 0.21784, 0.21784, 0.221404, 0.215018, 0.221404, 0.180508, 0.178049
0.269316, 0.204741, 0.271302, 0.206967, 0.271302, 0.206246, 0.197859, 0.206246, 0.163835, 0.207174, 0.193274, 0.161866, 0.17919, 0.207174, 0.174518, 0.191132, 0.174518, 0.190366, 0.187529, 0.190366, 0.264275, 0.220312, 0.264275, 0.219152, 0.219152, 0.222693, 0.216065, 0.222693, 0.181455, 0.179063
0.271755, 0.206711, 0.27429, 0.20921, 0.27429, 0.208747, 0.200265, 0.208747, 0.165881, 0.209724, 0.195704, 0.163884, 0.181345, 0.209724, 0.176601, 0.193381, 0.176601, 0.1926, 0.189705, 0.1926, 0.267281, 0.222842, 0.267281, 0.221651, 0.221651, 0.225228, 0.218601, 0.225228, 0.183593, 0.181166
0.27861, 0.211559, 0.281963, 0.211506, 0.281963, 0.214173, 0.205595, 0.214173, 0.170575, 0.215846, 0.200847, 0.168555, 0.186767, 0.215846, 0.182014, 0.199527, 0.182014, 0.198753, 0.195896, 0.198753, 0.27605, 0.23006, 0.27605, 0.228835, 0.228835, 0.232446, 0.225498, 0.232446, 0.189512, 0.187116
0.277024, 0.210304, 0.280015, 0.207849, 0.280015, 0.210784, 0.202341, 0.210784, 0.167897, 0.212428, 0.197718, 0.165906, 0.183775, 0.212428, 0.179085, 0.196289, 0.179085, 0.195522, 0.192693, 0.195522, 0.2715, 0.226286, 0.2715, 0.225071, 0.225071, 0.228621, 0.221838, 0.228621, 0.186436, 0.18407
0.271301, 0.206072, 0.27406, 0.206963, 0.27406, 0.20676, 0.198426, 0.20676, 0.164466, 0.208087, 0.193782, 0.16251, 0.180062, 0.208087, 0.175447, 0.192282, 0.175447, 0.191531, 0.188757, 0.191531, 0.266038, 0.221724, 0.266038, 0.22056, 0.22056, 0.224075, 0.217333, 0.224075, 0.182596, 0.180254
0.269212, 0.204687, 0.272334, 0.206799, 0.272334, 0.206782, 0.198381, 0.206782, 0.164298, 0.207752, 0.193811, 0.162323, 0.179676, 0.207752, 0.17499, 0.191645, 0.17499, 0.190876, 0.188027, 0.190876, 0.264954, 0.220884, 0.264954, 0.219715, 0.219715, 0.22326, 0.21664, 0.22326, 0.181946, 0.179549
0.261487, 0.198999, 0.264369, 0.201376, 0.264369, 0.201167, 0.19287, 0.201167, 0.159451, 0.201427, 0.188503, 0.157501, 0.174067, 0.201427, 0.169391, 0.185287, 0.169391, 0.184511, 0.181619, 0.184511, 0.255872, 0.213411, 0.255872, 0.212276, 0.212276, 0.215785, 0.209511, 0.215785, 0.175829, 0.1734
0.265407, 0.201758, 0.268651, 0.205051, 0.268651, 0.205519, 0.197093, 0.205519, 0.163051, 0.206066, 0.192581, 0.161071, 0.178146, 0.206066, 0.173421, 0.189799, 0.173421, 0.189019, 0.18612, 0.189019, 0.26225, 0.218683, 0.26225, 0.217526, 0.217526, 0.221087, 0.214588, 0.221087, 0.180144, 0.177705
0.257933, 0.19668, 0.26062, 0.199512, 0.26062, 0.201869, 0.193414, 0.201869, 0.159614, 0.201411, 0.18914, 0.157624, 0.173888, 0.201411, 0.169065, 0.184681, 0.169065, 0.183869, 0.18083, 0.183869, 0.254686, 0.212537, 0.254686, 0.211398, 0.211398, 0.21498, 0.208891, 0.21498, 0.175171, 0.172629
0.260713, 0.198312, 0.263903, 0.198941, 0.263903, 0.202873, 0.194478, 0.202873, 0.160698, 0.202981, 0.19005, 0.158727, 0.175408, 0.202981, 0.170676, 0.186665, 0.170676, 0.185879, 0.182951, 0.185879, 0.257767, 0.215, 0.257767, 0.213865, 0.213865, 0.217419, 0.211085, 0.217419, 0.17712, 0.174654
0.27447, 0.208525, 0.277779, 0.211064, 0.277779, 0.211554, 0.203009, 0.211554, 0.168266, 0.212818, 0.198356, 0.166255, 0.184074, 0.212818, 0.179314, 0.196442, 0.179314, 0.195661, 0.192775, 0.195661, 0.271627, 0.226426, 0.271627, 0.225219, 0.225219, 0.22882, 0.22204, 0.22882, 0.186533, 0.184112
0.26634, 0.20285, 0.269477, 0.20518, 0.269477, 0.208663, 0.200132, 0.208663, 0.165429, 0.208877, 0.195712, 0.163391, 0.180406, 0.208877, 0.1755, 0.191865, 0.1755, 0.191043, 0.187978, 0.191043, 0.264748, 0.220872, 0.264748, 0.219677, 0.219677, 0.223328, 0.216958, 0.223328, 0.182047, 0.179491
0.270597, 0.206294, 0.273692, 0.206703, 0.273692, 0.211994, 0.204236, 0.211994, 0.16887, 0.213151, 0.199658, 0.166735, 0.184013, 0.213151, 0.178975, 0.195597, 0.178975, 0.194747, 0.191574, 0.194747, 0.269724, 0.225067, 0.269724, 0.223824, 0.223824, 0.227545, 0.221173, 0.227545, 0.185582, 0.182957
0.256968, 0.196088, 0.259981, 0.196279, 0.259981, 0.201687, 0.193568, 0.201687, 0.15962, 0.2012, 0.189489, 0.157597, 0.173507, 0.2012, 0.168563, 0.183901, 0.168563, 0.183055, 0.179877, 0.183055, 0.253196, 0.211414, 0.253196, 0.210247, 0.210247, 0.213865, 0.208044, 0.213865, 0.174373, 0.171744
0.264074, 0.20087, 0.26727, 0.201387, 0.26727, 0.206099, 0.197605, 0.206099, 0.163364, 0.2064, 0.193094, 0.16137, 0.178395, 0.2064, 0.173618, 0.18994, 0.173618, 0.189149, 0.186204, 0.189149, 0.26236, 0.218806, 0.26236, 0.21765, 0.21765, 0.221244, 0.214771, 0.221244, 0.18025, 0.17777
0.263261, 0.200489, 0.266384, 0.20151, 0.266384, 0.206302, 0.198704, 0.206302, 0.164142, 0.207253, 0.194094, 0.162091, 0.179028, 0.207253, 0.17415, 0.190381, 0.17415, 0.189566, 0.186524, 0.189566, 0.26275, 0.219199, 0.26275, 0.21803, 0.21803, 0.221674, 0.2153, 0.221674, 0.180624, 0.178074
0.274493, 0.208437, 0.277809, 0.209914, 0.277809, 0.214135, 0.205506, 0.214135, 0.1703, 0.215519, 0.200612, 0.16828, 0.186553, 0.215519, 0.181796, 0.199288, 0.181796, 0.198518, 0.195678, 0.198518, 0.275854, 0.229874, 0.275854, 0.228685, 0.228685, 0.23233, 0.225253, 0.23233, 0.189252, 0.186838
0.25934, 0.197207, 0.26252, 0.198822, 0.26252, 0.203173, 0.19569, 0.203173, 0.161624, 0.204236, 0.19095, 0.159641, 0.176598, 0.204236, 0.171874, 0.188053, 0.171874, 0.187276, 0.184384, 0.187276, 0.259901, 0.216727, 0.259901, 0.215615, 0.215615, 0.2192, 0.212665, 0.2192, 0.178443, 0.175979
0.261657, 0.199163, 0.264784, 0.200644, 0.264784, 0.205013, 0.1993, 0.205013, 0.163815, 0.207303, 0.192622, 0.160964, 0.179708, 0.207303, 0.174863, 0.191257, 0.174863, 0.190456, 0.187471, 0.190456, 0.264208, 0.220354, 0.264208, 0.219213, 0.219213, 0.222873, 0.216298, 0.222873, 0.181467, 0.178934
0.271345, 0.208487, 0.274008, 0.209135, 0.274008, 0.213267, 0.208669, 0.213267, 0.169877, 0.213854, 0.201114, 0.166596, 0.184672, 0.213854, 0.181479, 0.19756, 0.181479, 0.196695, 0.192824, 0.196695, 0.270273, 0.226387, 0.270273, 0.224313, 0.224313, 0.227561, 0.221325, 0.227561, 0.184841, 0.18286
0.258767, 0.19886, 0.261378, 0.199774, 0.261378, 0.20364, 0.199093, 0.20364, 0.161653, 0.203388, 0.19166, 0.158447, 0.175571, 0.203388, 0.172456, 0.187522, 0.172456, 0.18918, 0.185391, 0.18918, 0.26054, 0.217938, 0.26054, 0.216646, 0.216646, 0.220581, 0.215292, 0.220581, 0.180122, 0.177064
0.288106, 0.220226, 0.291091, 0.221826, 0.291091, 0.225573, 0.218867, 0.225573, 0.180926, 0.228612, 0.212851, 0.177742, 0.197187, 0.228612, 0.19173, 0.209397, 0.19173, 0.208458, 0.20495, 0.208458, 0.288237, 0.240629, 0.288237, 0.239205, 0.239205, 0.242672, 0.235392, 0.242672, 0.197111, 0.195438
0.309525, 0.23654, 0.309392, 0.237738, 0.309392, 0.239594, 0.232179, 0.239594, 0.194173, 0.245279, 0.225922, 0.191087, 0.211137, 0.245279, 0.204658, 0.22391, 0.204658, 0.22352, 0.220667, 0.22352, 0.307604, 0.257019, 0.307604, 0.254755, 0.254755, 0.258034, 0.250167, 0.258034, 0.209743, 0.208096
0.311258, 0.238106, 0.310764, 0.238751, 0.310764, 0.24063, 0.234064, 0.24063, 0.195582, 0.247519, 0.226822, 0.192279, 0.212948, 0.247519, 0.206443, 0.225894, 0.206443, 0.225515, 0.222661, 0.225515, 0.310419, 0.259355, 0.310419, 0.257077, 0.257077, 0.260389, 0.252404, 0.260389, 0.211632, 0.209981
0.299714, 0.229079, 0.301224, 0.230635, 0.301224, 0.233217, 0.228113, 0.233217, 0.187225, 0.23685, 0.219463, 0.18394, 0.205351, 0.23685, 0.202209, 0.221411, 0.202209, 0.22205, 0.218564, 0.22205, 0.30678, 0.256281, 0.30678, 0.254085, 0.254085, 0.257375, 0.249278, 0.257375, 0.208876, 0.207227
0.300318, 0.229372, 0.301655, 0.23109, 0.301655, 0.233377, 0.228183, 0.233377, 0.187353, 0.237141, 0.219553, 0.184079, 0.205695, 0.237141, 0.202572, 0.221904, 0.202572, 0.224012, 0.220597, 0.224012, 0.310609, 0.259023, 0.310609, 0.257579, 0.257579, 0.261577, 0.253199, 0.261577, 0.212239, 0.210641
0.059211, 0.0525674, 0.0550251, 0.0441336, 0.0550251, 0.0381329, 0.0339833, 0.0381329, 0.0293602, 0.0359206, 0.0371987, 0.0302288, 0.0311644, 0.0359206, 0.0277368, 0.0284064, 0.0277368, 0.0255551, 0.0233607, 0.0255551, 0.031664, 0.0241352, 0.031664, 0.0222018, 0.0222018, 0.0197923, 0.018546, 0.0197923, 0.0195972, 0.0208361
0.0574717, 0.05104, 0.0552612, 0.043025, 0.0552612, 0.0383281, 0.034444, 0.0383281, 0.02971, 0.0364142, 0.0375373, 0.0305506, 0.0316079, 0.0364142, 0.0282488, 0.0286106, 0.0282488, 0.025815, 0.0236738, 0.025815, 0.0321524, 0.0245878, 0.0321524, 0.0227149, 0.0227149, 0.0203646, 0.0195107, 0.0203646, 0.0200126, 0.0212114
0.0606258, 0.0535094, 0.0567004, 0.0449522, 0.0567004, 0.0393999, 0.0353078, 0.0393999, 0.0304516, 0.0373447, 0.0384294, 0.0312999, 0.0324178, 0.0373447, 0.0290112, 0.0292659, 0.0290112, 0.0264326, 0.0242649, 0.0264326, 0.0329732, 0.0252429, 0.0329732, 0.0233507, 0.0233507, 0.0209727, 0.0202862, 0.0209727, 0.0205615, 0.0217724
0.289971, 0.217427, 0.290436, 0.223132, 0.290436, 0.224463, 0.216427, 0.224463, 0.184277, 0.234789, 0.210974, 0.18135, 0.204946, 0.234789, 0.202259, 0.222972, 0.202259, 0.225356, 0.225553, 0.225356, 0.320808, 0.269062, 0.320808, 0.26883, 0.26883, 0.272824, 0.262948, 0.272824, 0.221382, 0.217955
0.314215, 0.235814, 0.314257, 0.241083, 0.314257, 0.2427, 0.232835, 0.2427, 0.200179, 0.255286, 0.227326, 0.19723, 0.222667, 0.255286, 0.219782, 0.242388, 0.219782, 0.244898, 0.245045, 0.244898, 0.348177, 0.291983, 0.348177, 0.292015, 0.292015, 0.296207, 0.28586, 0.296207, 0.24089, 0.236956
0.320699, 0.239286, 0.321868, 0.244884, 0.321868, 0.248044, 0.239171, 0.248044, 0.197868, 0.251393, 0.230069, 0.194505, 0.218615, 0.251393, 0.215466, 0.236712, 0.215466, 0.239414, 0.239292, 0.239414, 0.339752, 0.285582, 0.339752, 0.287089, 0.287089, 0.294795, 0.284922, 0.294795, 0.235388, 0.231503
0.304313, 0.225523, 0.304561, 0.232861, 0.304561, 0.235417, 0.223955, 0.235417, 0.189964, 0.241917, 0.218483, 0.186843, 0.210926, 0.241917, 0.208045, 0.229069, 0.208045, 0.231581, 0.231657, 0.231581, 0.32934, 0.27632, 0.32934, 0.277706, 0.277706, 0.284935, 0.276256, 0.284935, 0.22771, 0.223596
0.303434, 0.223663, 0.303573, 0.231409, 0.303573, 0.234582, 0.220994, 0.234582, 0.185827, 0.236553, 0.214698, 0.182696, 0.206164, 0.236553, 0.203264, 0.22359, 0.203264, 0.226116, 0.22614, 0.226116, 0.321545, 0.269881, 0.321545, 0.271248, 0.271248, 0.278485, 0.269867, 0.278485, 0.222233, 0.21811
0.325128, 0.240574, 0.325063, 0.24839, 0.325063, 0.251313, 0.237386, 0.251313, 0.200396, 0.25498, 0.231609, 0.19705, 0.221999, 0.25498, 0.21889, 0.240788, 0.21889, 0.243452, 0.243406, 0.243452, 0.34573, 0.290252, 0.34573, 0.29162, 0.29162, 0.29924, 0.290515, 0.29924, 0.239455, 0.235072
0.0669913, 0.0590114, 0.0628179, 0.047901, 0.0628179, 0.0435123, 0.0345362, 0.0435123, 0.0297834, 0.0362877, 0.0381158, 0.0307616, 0.0314867, 0.0362877, 0.0277544, 0.0293099, 0.0277544, 0.0261759, 0.0237555, 0.0261759, 0.0320891, 0.0242572, 0.0320891, 0.0221011, 0.0221011, 0.019424, 0.0180344, 0.019424, 0.0195835, 0.0209649
0.299695, 0.221201, 0.302579, 0.228359, 0.302579, 0.231235, 0.217711, 0.231235, 0.187913, 0.243223, 0.210021, 0.188324, 0.216429, 0.243223, 0.216201, 0.240705, 0.216201, 0.243397, 0.243669, 0.243397, 0.346206, 0.290027, 0.346206, 0.288626, 0.288626, 0.294244, 0.28329, 0.294244, 0.237893, 0.234352
0.311241, 0.229887, 0.314346, 0.237252, 0.314346, 0.240366, 0.227171, 0.240366, 0.196264, 0.253207, 0.219373, 0.196656, 0.225141, 0.253207, 0.224894, 0.250381, 0.224894, 0.253314, 0.253385, 0.253314, 0.359804, 0.301679, 0.359804, 0.300005, 0.300005, 0.305768, 0.294773, 0.305768, 0.24778, 0.244111
0.305149, 0.225483, 0.308179, 0.235928, 0.308179, 0.240786, 0.227673, 0.240786, 0.197103, 0.255361, 0.21966, 0.197455, 0.227052, 0.255361, 0.227294, 0.253222, 0.227294, 0.257468, 0.256154, 0.257468, 0.363706, 0.304581, 0.363706, 0.302616, 0.302616, 0.308224, 0.296284, 0.308224, 0.251889, 0.250064
0.325382, 0.240714, 0.328036, 0.249221, 0.328036, 0.25328, 0.233787, 0.25328, 0.202527, 0.262207, 0.225902, 0.203005, 0.233133, 0.262207, 0.234509, 0.262165, 0.234509, 0.266702, 0.265182, 0.266702, 0.376358, 0.315427, 0.376358, 0.313305, 0.313305, 0.319218, 0.307147, 0.319218, 0.260642, 0.258019
0.315656, 0.233432, 0.318463, 0.243511, 0.318463, 0.246916, 0.231516, 0.246916, 0.200593, 0.259769, 0.223624, 0.201078, 0.231036, 0.259769, 0.232393, 0.260437, 0.232393, 0.264939, 0.263436, 0.264939, 0.373926, 0.313313, 0.373926, 0.311153, 0.311153, 0.317015, 0.304761, 0.317015, 0.259159, 0.257077
0.36075, 0.27469, 0.35996, 0.276727, 0.35996, 0.282096, 0.276708, 0.282096, 0.240879, 0.304775, 0.272462, 0.238805, 0.266349, 0.304775, 0.266267, 0.295241, 0.266267, 0.303276, 0.302362, 0.303276, 0.426186, 0.35883, 0.426186, 0.358403, 0.358403, 0.364171, 0.35042, 0.364171, 0.301326, 0.300931
0.331453, 0.245441, 0.334181, 0.254521, 0.334181, 0.261122, 0.24331, 0.261122, 0.21128, 0.273647, 0.234958, 0.211708, 0.243132, 0.273647, 0.244501, 0.273964, 0.244501, 0.278533, 0.27695, 0.278533, 0.391746, 0.328461, 0.391746, 0.325227, 0.325227, 0.330215, 0.316338, 0.330215, 0.268723, 0.268277
0.361751, 0.270973, 0.361154, 0.276231, 0.361154, 0.282738, 0.272993, 0.282738, 0.240831, 0.306133, 0.26393, 0.238879, 0.268577, 0.306133, 0.270596, 0.3022, 0.270596, 0.311065, 0.309853, 0.311065, 0.435322, 0.364626, 0.435322, 0.359975, 0.359975, 0.365923, 0.35073, 0.365923, 0.298524, 0.298205
0.350206, 0.2624, 0.349806, 0.266005, 0.349806, 0.272253, 0.263839, 0.272253, 0.230273, 0.291843, 0.258372, 0.22806, 0.254725, 0.291843, 0.254699, 0.282671, 0.254699, 0.290105, 0.289129, 0.290105, 0.40779, 0.342734, 0.40779, 0.341943, 0.341943, 0.349558, 0.355318, 0.349558, 0.297995, 0.295807
0.350173, 0.262484, 0.350927, 0.26693, 0.350927, 0.272926, 0.266946, 0.272926, 0.232814, 0.296366, 0.261598, 0.230531, 0.258939, 0.296366, 0.260713, 0.289178, 0.260713, 0.296988, 0.295829, 0.296988, 0.417333, 0.350892, 0.417333, 0.350048, 0.350048, 0.358155, 0.361853, 0.358155, 0.307418, 0.306729
0.347688, 0.260523, 0.348501, 0.264478, 0.348501, 0.271284, 0.263182, 0.271284, 0.22942, 0.291985, 0.257873, 0.227323, 0.255493, 0.291985, 0.257343, 0.288717, 0.257343, 0.2967, 0.295492, 0.2967, 0.417066, 0.350663, 0.417066, 0.349743, 0.349743, 0.358, 0.358575, 0.358, 0.30511, 0.302751
0.360228, 0.271457, 0.361534, 0.26989, 0.361534, 0.277713, 0.267843, 0.277713, 0.233638, 0.298134, 0.263493, 0.230293, 0.258519, 0.298134, 0.260402, 0.29442, 0.260402, 0.302512, 0.301094, 0.302512, 0.424731, 0.357064, 0.424731, 0.355397, 0.355397, 0.363838, 0.365689, 0.363838, 0.310402, 0.30858
0.340754, 0.255107, 0.341375, 0.257803, 0.341375, 0.265087, 0.254611, 0.265087, 0.222514, 0.284205, 0.24906, 0.21976, 0.246597, 0.284205, 0.248301, 0.282292, 0.248301, 0.289407, 0.286775, 0.289407, 0.407522, 0.340946, 0.407522, 0.33976, 0.33976, 0.346102, 0.350241, 0.346102, 0.295496, 0.295045
0.364845, 0.274242, 0.366657, 0.271334, 0.366657, 0.27826, 0.266339, 0.27826, 0.228981, 0.292461, 0.260202, 0.224187, 0.251163, 0.292461, 0.252965, 0.287631, 0.252965, 0.294942, 0.292268, 0.294942, 0.414781, 0.347596, 0.414781, 0.346437, 0.346437, 0.352909, 0.357151, 0.352909, 0.30138, 0.300887
0.365135, 0.270021, 0.367062, 0.268807, 0.367062, 0.27431, 0.264225, 0.27431, 0.22453, 0.28653, 0.257399, 0.222108, 0.249278, 0.28653, 0.251142, 0.285529, 0.251142, 0.293, 0.2902, 0.293, 0.413323, 0.345352, 0.413323, 0.344158, 0.344158, 0.350768, 0.355045, 0.350768, 0.299637, 0.299121
0.363718, 0.268951, 0.367848, 0.267535, 0.367848, 0.273534, 0.264625, 0.273534, 0.226545, 0.288034, 0.257786, 0.22256, 0.247904, 0.288034, 0.249827, 0.284005, 0.249827, 0.291637, 0.288715, 0.291637, 0.411336, 0.343787, 0.411336, 0.34248, 0.34248, 0.34931, 0.353633, 0.34931, 0.298474, 0.297934
0.373696, 0.276313, 0.377912, 0.2779, 0.377912, 0.281308, 0.27237, 0.281308, 0.233159, 0.297124, 0.26526, 0.228937, 0.253175, 0.297124, 0.253087, 0.285345, 0.253087, 0.292873, 0.289889, 0.292873, 0.411758, 0.344039, 0.411758, 0.342234, 0.342234, 0.349328, 0.353844, 0.349328, 0.298698, 0.298282
0.370903, 0.274491, 0.375222, 0.276978, 0.375222, 0.279263, 0.27148, 0.279263, 0.23213, 0.298849, 0.264709, 0.228906, 0.258554, 0.298849, 0.25674, 0.285846, 0.25674, 0.288191, 0.286105, 0.288191, 0.405856, 0.339194, 0.405856, 0.33745, 0.33745, 0.344267, 0.345732, 0.344267, 0.294935, 0.294462
0.35929, 0.268088, 0.35982, 0.267142, 0.35982, 0.266199, 0.258919, 0.266199, 0.227406, 0.292724, 0.253011, 0.222014, 0.249872, 0.292724, 0.251924, 0.282186, 0.251924, 0.28906, 0.287787, 0.28906, 0.405699, 0.338852, 0.405699, 0.337029, 0.337029, 0.34399, 0.347071, 0.34399, 0.294701, 0.294229
0.356663, 0.266332, 0.357237, 0.268893, 0.357237, 0.268389, 0.261492, 0.268389, 0.230105, 0.296167, 0.255668, 0.224231, 0.250053, 0.296167, 0.252089, 0.282217, 0.252089, 0.288709, 0.287545, 0.288709, 0.405026, 0.338182, 0.405026, 0.336368, 0.336368, 0.342984, 0.34645, 0.342984, 0.294267, 0.293772
0.377202, 0.277111, 0.382951, 0.288889, 0.382951, 0.284888, 0.278583, 0.284888, 0.237465, 0.305459, 0.271609, 0.234093, 0.265693, 0.305459, 0.265252, 0.295986, 0.265252, 0.296478, 0.297588, 0.296478, 0.412369, 0.337463, 0.412369, 0.336997, 0.336997, 0.339984, 0.342678, 0.339984, 0.292327, 0.293006
0.37413, 0.274875, 0.380284, 0.285274, 0.380284, 0.28538, 0.283516, 0.28538, 0.242976, 0.312376, 0.277835, 0.239951, 0.272662, 0.312376, 0.272099, 0.304039, 0.272099, 0.30492, 0.303239, 0.30492, 0.428898, 0.353866, 0.428898, 0.353374, 0.353374, 0.353947, 0.358934, 0.353947, 0.306198, 0.30586
0.381705, 0.279508, 0.387511, 0.29653, 0.387511, 0.290434, 0.287315, 0.290434, 0.246285, 0.31711, 0.283149, 0.245759, 0.277302, 0.31711, 0.274225, 0.309698, 0.274225, 0.312208, 0.309264, 0.312208, 0.425382, 0.351833, 0.425382, 0.351552, 0.351552, 0.352553, 0.356884, 0.352553, 0.304685, 0.303118
0.378868, 0.276347, 0.385124, 0.29418, 0.385124, 0.287978, 0.285238, 0.287978, 0.245776, 0.316228, 0.2826, 0.243587, 0.276044, 0.316228, 0.274451, 0.308082, 0.274451, 0.308048, 0.308994, 0.308048, 0.422108, 0.344972, 0.422108, 0.344689, 0.344689, 0.344614, 0.353375, 0.344614, 0.3014, 0.301976
0.362333, 0.268536, 0.367018, 0.281897, 0.367018, 0.273886, 0.27062, 0.273886, 0.237301, 0.305324, 0.270567, 0.23696, 0.265197, 0.305324, 0.263301, 0.299392, 0.263301, 0.297931, 0.300076, 0.297931, 0.403468, 0.333892, 0.403468, 0.333268, 0.333268, 0.33261, 0.341597, 0.33261, 0.293219, 0.294914
0.361742, 0.2681, 0.36532, 0.282713, 0.36532, 0.273294, 0.270564, 0.273294, 0.237309, 0.30551, 0.270105, 0.23728, 0.265172, 0.30551, 0.262878, 0.299035, 0.262878, 0.298044, 0.300261, 0.298044, 0.400242, 0.331569, 0.400242, 0.330448, 0.330448, 0.330333, 0.339477, 0.330333, 0.291242, 0.292984
0.35871, 0.265972, 0.36106, 0.27885, 0.36106, 0.270206, 0.267792, 0.270206, 0.234684, 0.301785, 0.26748, 0.234461, 0.26263, 0.301785, 0.260121, 0.295345, 0.260121, 0.294724, 0.297029, 0.294724, 0.396115, 0.32809, 0.396115, 0.326942, 0.326942, 0.328835, 0.340608, 0.328835, 0.292317, 0.293204
0.359029, 0.266623, 0.360088, 0.278066, 0.360088, 0.269133, 0.266941, 0.269133, 0.234101, 0.301101, 0.266756, 0.233917, 0.261982, 0.301101, 0.259317, 0.293958, 0.259317, 0.294295, 0.296514, 0.294295, 0.394379, 0.326517, 0.394379, 0.325302, 0.325302, 0.326976, 0.339243, 0.326976, 0.29017, 0.290693
0.380826, 0.278659, 0.386622, 0.296282, 0.386622, 0.288679, 0.286097, 0.288679, 0.247948, 0.318654, 0.285384, 0.247722, 0.277879, 0.318654, 0.275987, 0.313211, 0.275987, 0.312118, 0.314247, 0.312118, 0.42447, 0.351791, 0.42447, 0.352416, 0.352416, 0.354735, 0.367692, 0.354735, 0.313986, 0.313671
0.385787, 0.282983, 0.38868, 0.303522, 0.38868, 0.289452, 0.287421, 0.289452, 0.248745, 0.319505, 0.288635, 0.250466, 0.278882, 0.319505, 0.278134, 0.317304, 0.278134, 0.316035, 0.318117, 0.316035, 0.42033, 0.349337, 0.42033, 0.34935, 0.34935, 0.349821, 0.363373, 0.349821, 0.310485, 0.310338
0.430714, 0.319316, 0.430563, 0.334464, 0.430563, 0.326001, 0.317935, 0.326001, 0.267918, 0.338267, 0.311084, 0.262963, 0.289327, 0.338267, 0.284689, 0.319916, 0.284689, 0.327949, 0.327315, 0.327949, 0.434007, 0.368261, 0.434007, 0.369012, 0.369012, 0.375893, 0.385546, 0.375893, 0.326427, 0.324924
0.408699, 0.31125, 0.406139, 0.31546, 0.406139, 0.308112, 0.299897, 0.308112, 0.259058, 0.330041, 0.294107, 0.253818, 0.281986, 0.330041, 0.283612, 0.319842, 0.283612, 0.327971, 0.32721, 0.327971, 0.432878, 0.368331, 0.432878, 0.36911, 0.36911, 0.374719, 0.385588, 0.374719, 0.326523, 0.325017
0.358956, 0.267445, 0.356375, 0.28434, 0.356375, 0.266295, 0.264516, 0.266295, 0.233006, 0.299024, 0.267822, 0.234073, 0.258565, 0.299024, 0.257338, 0.295167, 0.257338, 0.293939, 0.294952, 0.293939, 0.378385, 0.315134, 0.378385, 0.315751, 0.315751, 0.31507, 0.328699, 0.31507, 0.282384, 0.282771
0.360429, 0.270311, 0.357456, 0.287235, 0.357456, 0.265561, 0.264419, 0.265561, 0.235386, 0.300486, 0.268912, 0.235839, 0.259451, 0.300486, 0.258426, 0.296104, 0.258426, 0.295019, 0.295957, 0.295019, 0.375953, 0.313242, 0.375953, 0.31388, 0.31388, 0.312715, 0.326948, 0.312715, 0.280762, 0.281079
0.370462, 0.274357, 0.369905, 0.301116, 0.369905, 0.285554, 0.279403, 0.285554, 0.239822, 0.305908, 0.277987, 0.24083, 0.268405, 0.305908, 0.26856, 0.307692, 0.26856, 0.307045, 0.308263, 0.307045, 0.395221, 0.329403, 0.395221, 0.331263, 0.331263, 0.330821, 0.345605, 0.330821, 0.295317, 0.295102
0.3563, 0.265091, 0.3584, 0.292249, 0.3584, 0.276776, 0.263754, 0.276776, 0.220574, 0.281738, 0.25939, 0.219749, 0.245598, 0.281738, 0.244869, 0.280332, 0.244869, 0.279781, 0.280345, 0.279781, 0.356127, 0.297082, 0.356127, 0.299913, 0.299913, 0.300737, 0.316365, 0.300737, 0.269512, 0.268659
0.370966, 0.272491, 0.372715, 0.310707, 0.372715, 0.286955, 0.273759, 0.286955, 0.229301, 0.293787, 0.269135, 0.230274, 0.257298, 0.293787, 0.257542, 0.2945, 0.257542, 0.29388, 0.294398, 0.29388, 0.360414, 0.300551, 0.360414, 0.303354, 0.303354, 0.303857, 0.319146, 0.303857, 0.272452, 0.270818
0.390532, 0.289496, 0.387424, 0.325661, 0.387424, 0.297659, 0.284504, 0.297659, 0.240314, 0.306796, 0.280447, 0.241704, 0.268262, 0.306796, 0.26976, 0.309398, 0.26976, 0.312214, 0.314872, 0.312214, 0.382304, 0.319556, 0.382304, 0.321781, 0.321781, 0.317372, 0.333215, 0.317372, 0.285078, 0.284838
0.405617, 0.302184, 0.407025, 0.327856, 0.407025, 0.30872, 0.294956, 0.30872, 0.24934, 0.319375, 0.289515, 0.249021, 0.277379, 0.319375, 0.276487, 0.31849, 0.276487, 0.322222, 0.321506, 0.322222, 0.408362, 0.346113, 0.408362, 0.347937, 0.347937, 0.350121, 0.340581, 0.350121, 0.287993, 0.286597
0.418277, 0.321883, 0.410354, 0.329159, 0.410354, 0.309455, 0.288026, 0.309455, 0.253733, 0.324384, 0.28819, 0.250578, 0.275834, 0.324384, 0.272309, 0.312153, 0.272309, 0.312805, 0.309492, 0.312805, 0.387323, 0.327952, 0.387323, 0.331684, 0.331684, 0.335901, 0.32758, 0.335901, 0.275169, 0.27255
0.406705, 0.314802, 0.401209, 0.322891, 0.401209, 0.304372, 0.285862, 0.304372, 0.250849, 0.319284, 0.284397, 0.244673, 0.266358, 0.319284, 0.262735, 0.30116, 0.262735, 0.301907, 0.298062, 0.301907, 0.364474, 0.307661, 0.364474, 0.306972, 0.306972, 0.307861, 0.301399, 0.307861, 0.257178, 0.257318
0.421548, 0.325894, 0.420777, 0.338205, 0.420777, 0.320989, 0.301513, 0.320989, 0.269577, 0.346013, 0.2984, 0.266857, 0.294418, 0.346013, 0.290712, 0.327696, 0.290712, 0.329903, 0.325678, 0.329903, 0.401657, 0.339102, 0.401657, 0.335861, 0.335861, 0.33561, 0.32735, 0.33561, 0.283654, 0.284146
0.361695, 0.285419, 0.356665, 0.286416, 0.356665, 0.267619, 0.253374, 0.267619, 0.221934, 0.279954, 0.250499, 0.214948, 0.23229, 0.279954, 0.226942, 0.259887, 0.226942, 0.26079, 0.256662, 0.26079, 0.306716, 0.259872, 0.306716, 0.259242, 0.259242, 0.259692, 0.256262, 0.259692, 0.218392, 0.218177
0.447154, 0.343715, 0.44165, 0.368335, 0.44165, 0.338123, 0.318104, 0.338123, 0.283238, 0.363597, 0.314717, 0.280899, 0.310351, 0.363597, 0.306578, 0.33665, 0.306578, 0.337599, 0.335642, 0.337599, 0.393424, 0.32794, 0.393424, 0.324026, 0.324026, 0.327123, 0.315877, 0.327123, 0.268612, 0.26895
0.424967, 0.327343, 0.422776, 0.344502, 0.422776, 0.324217, 0.311038, 0.324217, 0.274463, 0.35255, 0.304804, 0.271619, 0.302818, 0.35255, 0.298214, 0.327553, 0.298214, 0.328658, 0.326483, 0.328658, 0.393093, 0.327643, 0.393093, 0.324016, 0.324016, 0.328325, 0.317015, 0.328325, 0.267915, 0.268236
0.388145, 0.302649, 0.388824, 0.319437, 0.388824, 0.298137, 0.285951, 0.298137, 0.246129, 0.314463, 0.279214, 0.242226, 0.269698, 0.314463, 0.26568, 0.29281, 0.26568, 0.297499, 0.297157, 0.297499, 0.355816, 0.302609, 0.355816, 0.304304, 0.304304, 0.305186, 0.296797, 0.305186, 0.252435, 0.250593
0.462993, 0.360479, 0.456431, 0.376709, 0.456431, 0.341325, 0.326451, 0.341325, 0.293002, 0.375595, 0.322824, 0.288504, 0.318146, 0.375595, 0.314208, 0.345835, 0.314208, 0.34718, 0.344785, 0.34718, 0.396557, 0.33078, 0.396557, 0.326234, 0.326234, 0.327554, 0.318539, 0.327554, 0.270254, 0.26914
0.461754, 0.360407, 0.457153, 0.387409, 0.457153, 0.348454, 0.335635, 0.348454, 0.300495, 0.385778, 0.329967, 0.295305, 0.327595, 0.385778, 0.323653, 0.357497, 0.323653, 0.360664, 0.356747, 0.360664, 0.405945, 0.339098, 0.405945, 0.332946, 0.332946, 0.333999, 0.324702, 0.333999, 0.278982, 0.278223
0.466926, 0.364072, 0.461239, 0.399651, 0.461239, 0.354258, 0.341328, 0.354258, 0.306168, 0.392949, 0.33713, 0.302002, 0.333944, 0.392949, 0.330086, 0.365301, 0.330086, 0.368479, 0.364523, 0.368479, 0.407247, 0.339992, 0.407247, 0.333869, 0.333869, 0.334809, 0.325379, 0.334809, 0.27971, 0.280196
0.468172, 0.364752, 0.462496, 0.403347, 0.462496, 0.351152, 0.342161, 0.351152, 0.306059, 0.391056, 0.338004, 0.302623, 0.33466, 0.391056, 0.331126, 0.366878, 0.331126, 0.370004, 0.36611, 0.370004, 0.403421, 0.336668, 0.403421, 0.330643, 0.330643, 0.331968, 0.322177, 0.331968, 0.277094, 0.277663
0.476921, 0.369186, 0.472493, 0.403129, 0.472493, 0.356167, 0.346151, 0.356167, 0.310785, 0.398788, 0.341807, 0.306172, 0.33893, 0.398788, 0.335019, 0.37071, 0.335019, 0.373954, 0.369979, 0.373954, 0.41081, 0.342491, 0.41081, 0.336562, 0.336562, 0.337083, 0.329288, 0.337083, 0.282962, 0.283407
0.468228, 0.363011, 0.467787, 0.393385, 0.467787, 0.352599, 0.359878, 0.352599, 0.315802, 0.398242, 0.354529, 0.308443, 0.338353, 0.398242, 0.337913, 0.373373, 0.337913, 0.379094, 0.375923, 0.379094, 0.424983, 0.355783, 0.424983, 0.35285, 0.35285, 0.353218, 0.34679, 0.353218, 0.299011, 0.299523
0.466139, 0.361168, 0.467686, 0.397427, 0.467686, 0.357241, 0.365943, 0.357241, 0.319476, 0.403244, 0.358304, 0.311438, 0.342048, 0.403244, 0.34162, 0.377278, 0.34162, 0.384712, 0.382282, 0.384712, 0.429273, 0.359342, 0.429273, 0.356279, 0.356279, 0.356604, 0.349928, 0.356604, 0.301572, 0.302199
0.568287, 0.435534, 0.561604, 0.471235, 0.561604, 0.418517, 0.416811, 0.418517, 0.365782, 0.4588, 0.413558, 0.35278, 0.380116, 0.4588, 0.377779, 0.416663, 0.377779, 0.412603, 0.405776, 0.412603, 0.438823, 0.361592, 0.438823, 0.357783, 0.357783, 0.361318, 0.35208, 0.361318, 0.301565, 0.302046
0.545444, 0.420072, 0.541671, 0.458553, 0.541671, 0.404209, 0.420433, 0.404209, 0.360521, 0.451976, 0.412595, 0.346469, 0.377718, 0.451976, 0.377421, 0.415207, 0.377421, 0.415668, 0.408275, 0.415668, 0.443365, 0.363741, 0.443365, 0.362941, 0.362941, 0.370269, 0.361151, 0.370269, 0.303928, 0.305224
0.593802, 0.455369, 0.583812, 0.4991, 0.583812, 0.428634, 0.431442, 0.428634, 0.381659, 0.479517, 0.430332, 0.367926, 0.400518, 0.479517, 0.400119, 0.442544, 0.400119, 0.438676, 0.431416, 0.438676, 0.454413, 0.373611, 0.454413, 0.372678, 0.372678, 0.380013, 0.380402, 0.380013, 0.320053, 0.319856
0.738762, 0.55609, 0.728318, 0.614196, 0.728318, 0.455327, 0.459138, 0.455327, 0.46192, 0.506351, 0.454956, 0.44229, 0.487924, 0.506351, 0.485233, 0.543738, 0.485233, 0.539276, 0.535684, 0.539276, 0.490225, 0.489261, 0.490225, 0.407646, 0.407646, 0.415326, 0.423182, 0.415326, 0.410292, 0.404739
0.73687, 0.55443, 0.729237, 0.604188, 0.729237, 0.451149, 0.457378, 0.451149, 0.468354, 0.512559, 0.452961, 0.452726, 0.501089, 0.512559, 0.49837, 0.558087, 0.49837, 0.554039, 0.549879, 0.554039, 0.510878, 0.511428, 0.510878, 0.42393, 0.42393, 0.431215, 0.439793, 0.431215, 0.429337, 0.423787
0.671992, 0.508002, 0.664159, 0.563485, 0.664159, 0.486476, 0.477361, 0.486476, 0.421746, 0.533091, 0.474121, 0.410897, 0.450119, 0.533091, 0.450213, 0.498597, 0.450213, 0.497763, 0.494316, 0.497763, 0.52176, 0.432723, 0.52176, 0.434052, 0.434052, 0.44299, 0.457373, 0.44299, 0.375545, 0.370595
0.637141, 0.68007, 0.629208, 0.657872, 0.629208, 0.62829, 0.651676, 0.62829, 0.549048, 0.558846, 0.637204, 0.525976, 0.471146, 0.558846, 0.472317, 0.498277, 0.472317, 0.493942, 0.485257, 0.493942, 0.50795, 0.419081, 0.50795, 0.425485, 0.425485, 0.42067, 0.435648, 0.42067, 0.362444, 0.362523
0.84625, 0.853416, 0.836085, 0.819106, 0.836085, 0.70117, 0.696203, 0.70117, 0.664277, 0.610771, 0.674237, 0.634795, 0.600279, 0.610771, 0.596231, 0.62347, 0.596231, 0.621143, 0.613666, 0.621143, 0.556935, 0.572336, 0.556935, 0.485555, 0.485555, 0.483831, 0.480476, 0.483831, 0.478036, 0.476305
0.846346, 0.752732, 0.833207, 0.818529, 0.833207, 0.622327, 0.608699, 0.622327, 0.607199, 0.543404, 0.605383, 0.589877, 0.550043, 0.543404, 0.549053, 0.625316, 0.549053, 0.61284, 0.608332, 0.61284, 0.565817, 0.582353, 0.565817, 0.466646, 0.466646, 0.459305, 0.467573, 0.459305, 0.477761, 0.476021
0.854964, 0.756123, 0.847183, 0.82852, 0.847183, 0.645656, 0.631105, 0.645656, 0.634598, 0.570763, 0.628023, 0.614987, 0.574307, 0.570763, 0.574183, 0.652862, 0.574183, 0.644317, 0.63872, 0.644317, 0.587745, 0.605443, 0.587745, 0.48405, 0.48405, 0.483201, 0.472368, 0.483201, 0.48892, 0.486789
0.728013, 0.740668, 0.728009, 0.754353, 0.728009, 0.755923, 0.767062, 0.755923, 0.659619, 0.692419, 0.753208, 0.641394, 0.600668, 0.692419, 0.597358, 0.592557, 0.597358, 0.585622, 0.580783, 0.585622, 0.613164, 0.506517, 0.613164, 0.579973, 0.579973, 0.581005, 0.567702, 0.581005, 0.472724, 0.469796
0.683833, 0.513192, 0.686281, 0.604325, 0.686281, 0.413447, 0.435231, 0.413447, 0.479045, 0.490325, 0.445084, 0.46893, 0.53042, 0.490325, 0.530874, 0.615141, 0.530874, 0.607475, 0.607726, 0.607475, 0.495333, 0.551501, 0.495333, 0.414266, 0.414266, 0.412684, 0.42335, 0.412684, 0.469932, 0.467609
0.692555, 0.513084, 0.697927, 0.526983, 0.697927, 0.43472, 0.440091, 0.43472, 0.470022, 0.485005, 0.442343, 0.45499, 0.506162, 0.485005, 0.507991, 0.584131, 0.507991, 0.577989, 0.575115, 0.577989, 0.631718, 0.658988, 0.631718, 0.5215, 0.5215, 0.516805, 0.518253, 0.516805, 0.546877, 0.545776
0.671459, 0.527795, 0.677648, 0.515791, 0.677648, 0.474494, 0.485823, 0.474494, 0.518331, 0.565868, 0.492533, 0.51699, 0.573984, 0.565868, 0.576113, 0.584372, 0.576113, 0.582462, 0.581494, 0.582462, 0.649987, 0.669244, 0.649987, 0.650954, 0.650954, 0.643328, 0.651472, 0.643328, 0.655893, 0.655006
0.659727, 0.516812, 0.661505, 0.507443, 0.661505, 0.472597, 0.485584, 0.472597, 0.527427, 0.570076, 0.489426, 0.529572, 0.592314, 0.570076, 0.592158, 0.60494, 0.592158, 0.600314, 0.597228, 0.600314, 0.66312, 0.686662, 0.66312, 0.660582, 0.660582, 0.660152, 0.67247, 0.660152, 0.688643, 0.685842
0.622374, 0.472938, 0.62831, 0.480123, 0.62831, 0.435601, 0.439969, 0.435601, 0.48901, 0.531437, 0.451317, 0.495941, 0.555248, 0.531437, 0.559567, 0.586087, 0.559567, 0.584388, 0.583111, 0.584388, 0.646032, 0.669746, 0.646032, 0.632463, 0.632463, 0.63112, 0.651457, 0.63112, 0.663388, 0.659099
0.600934, 0.450971, 0.605869, 0.463891, 0.605869, 0.52067, 0.524358, 0.52067, 0.568438, 0.646969, 0.542677, 0.588677, 0.656332, 0.646969, 0.659372, 0.711209, 0.659372, 0.709708, 0.704782, 0.709708, 0.825941, 0.811419, 0.825941, 0.758219, 0.758219, 0.756275, 0.772605, 0.756275, 0.77502, 0.771183
0.588547, 0.439579, 0.59033, 0.456932, 0.59033, 0.402261, 0.401168, 0.402261, 0.447464, 0.49707, 0.414978, 0.454808, 0.515682, 0.49707, 0.525925, 0.574789, 0.525925, 0.584458, 0.586986, 0.584458, 0.672749, 0.676516, 0.672749, 0.624122, 0.624122, 0.625208, 0.642662, 0.625208, 0.645308, 0.641766
0.57075, 0.417895, 0.570253, 0.440578, 0.570253, 0.486529, 0.481563, 0.486529, 0.510316, 0.588842, 0.494933, 0.527778, 0.601772, 0.588842, 0.616009, 0.686723, 0.616009, 0.694427, 0.694119, 0.694427, 0.84194, 0.799169, 0.84194, 0.744478, 0.744478, 0.744785, 0.761576, 0.744785, 0.759361, 0.757389
0.550287, 0.405367, 0.550963, 0.424194, 0.550963, 0.470526, 0.473244, 0.470526, 0.492552, 0.569671, 0.476095, 0.508681, 0.580196, 0.569671, 0.592535, 0.667441, 0.592535, 0.674028, 0.673137, 0.674028, 0.824978, 0.778038, 0.824978, 0.715355, 0.715355, 0.723214, 0.738217, 0.723214, 0.729693, 0.729998
0.467358, 0.340647, 0.466257, 0.364221, 0.466257, 0.460778, 0.466622, 0.460778, 0.420736, 0.543472, 0.47364, 0.431696, 0.486314, 0.543472, 0.496881, 0.569315, 0.496881, 0.57599, 0.571614, 0.57599, 0.798946, 0.66514, 0.798946, 0.688563, 0.688563, 0.700808, 0.703448, 0.700808, 0.614968, 0.621617
0.511689, 0.373634, 0.50991, 0.396329, 0.50991, 0.449502, 0.452126, 0.449502, 0.459426, 0.530354, 0.459263, 0.466931, 0.527627, 0.530354, 0.538978, 0.620626, 0.538978, 0.629642, 0.626723, 0.629642, 0.780027, 0.728419, 0.780027, 0.661154, 0.661154, 0.673823, 0.67025, 0.673823, 0.66352, 0.669524
0.492679, 0.358124, 0.492134, 0.385029, 0.492134, 0.441739, 0.447285, 0.441739, 0.450982, 0.52155, 0.456777, 0.456722, 0.514349, 0.52155, 0.522701, 0.605929, 0.522701, 0.614757, 0.611884, 0.614757, 0.764289, 0.714112, 0.764289, 0.643693, 0.643693, 0.659204, 0.645271, 0.659204, 0.638962, 0.645371
0.442244, 0.321592, 0.446463, 0.351078, 0.446463, 0.415293, 0.421538, 0.415293, 0.415872, 0.490032, 0.437186, 0.422656, 0.472895, 0.490032, 0.481244, 0.56248, 0.481244, 0.574417, 0.573655, 0.574417, 0.723698, 0.671815, 0.723698, 0.614277, 0.614277, 0.631702, 0.634841, 0.631702, 0.612705, 0.613657
0.435407, 0.317018, 0.43891, 0.340666, 0.43891, 0.40659, 0.412266, 0.40659, 0.407707, 0.480653, 0.425349, 0.4125, 0.46102, 0.480653, 0.469194, 0.548858, 0.469194, 0.559972, 0.558347, 0.559972, 0.702765, 0.653243, 0.702765, 0.596518, 0.596518, 0.612184, 0.618931, 0.612184, 0.593676, 0.593761
0.406427, 0.28728, 0.407839, 0.320031, 0.407839, 0.292433, 0.299233, 0.292433, 0.309127, 0.356157, 0.312345, 0.314968, 0.351407, 0.356157, 0.360355, 0.423031, 0.360355, 0.433007, 0.431515, 0.433007, 0.537917, 0.510573, 0.537917, 0.458227, 0.458227, 0.474401, 0.47352, 0.474401, 0.468078, 0.471467
0.401514, 0.286956, 0.405044, 0.311234, 0.405044, 0.385932, 0.392639, 0.385932, 0.384028, 0.462532, 0.397554, 0.384302, 0.432088, 0.462532, 0.439574, 0.506933, 0.439574, 0.516795, 0.515038, 0.516795, 0.665653, 0.600148, 0.665653, 0.556346, 0.556346, 0.575943, 0.586946, 0.575943, 0.552259, 0.55117
0.395208, 0.280618, 0.40125, 0.306306, 0.40125, 0.365846, 0.372793, 0.365846, 0.373459, 0.443314, 0.378412, 0.374161, 0.4195, 0.443314, 0.427384, 0.492766, 0.427384, 0.503072, 0.501213, 0.503072, 0.63816, 0.583359, 0.63816, 0.531659, 0.531659, 0.553029, 0.561794, 0.553029, 0.533412, 0.532546
0.363617, 0.257773, 0.369159, 0.281819, 0.369159, 0.355613, 0.362712, 0.355613, 0.353986, 0.435968, 0.368337, 0.356758, 0.40131, 0.435968, 0.408972, 0.47213, 0.408972, 0.48098, 0.479092, 0.48098, 0.627593, 0.557831, 0.627593, 0.522736, 0.522736, 0.543816, 0.551004, 0.543816, 0.511769, 0.511095
0.315452, 0.222899, 0.319841, 0.244466, 0.319841, 0.330898, 0.338665, 0.330898, 0.313799, 0.409862, 0.345171, 0.31766, 0.36273, 0.409862, 0.370112, 0.426854, 0.370112, 0.433024, 0.432276, 0.433024, 0.60784, 0.499909, 0.60784, 0.501685, 0.501685, 0.519941, 0.526099, 0.519941, 0.460047, 0.463264
0.321996, 0.22891, 0.323875, 0.247849, 0.323875, 0.326581, 0.338645, 0.326581, 0.315812, 0.410231, 0.350334, 0.320176, 0.362934, 0.410231, 0.370666, 0.427143, 0.370666, 0.434546, 0.429632, 0.434546, 0.602839, 0.500455, 0.602839, 0.50288, 0.50288, 0.516425, 0.526603, 0.516425, 0.457467, 0.458766
0.293562, 0.211463, 0.298651, 0.231491, 0.298651, 0.311084, 0.319521, 0.311084, 0.2972, 0.388606, 0.327352, 0.300776, 0.342354, 0.388606, 0.350387, 0.404556, 0.350387, 0.409692, 0.408309, 0.409692, 0.573816, 0.470903, 0.573816, 0.472834, 0.472834, 0.491839, 0.49519, 0.491839, 0.431282, 0.435386
0.284804, 0.203124, 0.290065, 0.225444, 0.290065, 0.300937, 0.312984, 0.300937, 0.291124, 0.378293, 0.321199, 0.294964, 0.335739, 0.378293, 0.343487, 0.396474, 0.343487, 0.401638, 0.400346, 0.401638, 0.562655, 0.461838, 0.562655, 0.46389, 0.46389, 0.479212, 0.486831, 0.479212, 0.423572, 0.427376
0.266411, 0.196125, 0.270025, 0.210956, 0.270025, 0.283499, 0.295012, 0.283499, 0.278701, 0.36263, 0.310826, 0.285834, 0.322246, 0.36263, 0.329911, 0.384951, 0.329911, 0.390683, 0.391041, 0.390683, 0.54499, 0.450677, 0.54499, 0.452938, 0.452938, 0.467293, 0.478532, 0.467293, 0.416297, 0.420165
0.260498, 0.19435, 0.262825, 0.197519, 0.262825, 0.197498, 0.207451, 0.197498, 0.18578, 0.236866, 0.209255, 0.188194, 0.213452, 0.236866, 0.217178, 0.254454, 0.217178, 0.260849, 0.260863, 0.260849, 0.36574, 0.303975, 0.36574, 0.303625, 0.303625, 0.317376, 0.328416, 0.317376, 0.284953, 0.289268
0.260294, 0.194788, 0.261941, 0.197437, 0.261941, 0.263483, 0.273575, 0.263483, 0.248683, 0.319118, 0.278843, 0.251298, 0.283056, 0.319118, 0.282816, 0.330743, 0.282816, 0.335093, 0.335224, 0.335093, 0.466247, 0.388012, 0.466247, 0.39051, 0.39051, 0.406795, 0.423902, 0.406795, 0.368824, 0.371406
0.261032, 0.194794, 0.263439, 0.197581, 0.263439, 0.265159, 0.274558, 0.265159, 0.247227, 0.317883, 0.275682, 0.248948, 0.281153, 0.317883, 0.281037, 0.327776, 0.281037, 0.332969, 0.33293, 0.332969, 0.465441, 0.387142, 0.465441, 0.389583, 0.389583, 0.406042, 0.418488, 0.406042, 0.364175, 0.366824
0.252759, 0.189733, 0.254321, 0.191833, 0.254321, 0.192084, 0.201577, 0.192084, 0.182564, 0.232176, 0.204349, 0.182735, 0.202645, 0.232176, 0.201467, 0.23251, 0.201467, 0.232908, 0.234288, 0.232908, 0.327035, 0.272454, 0.327035, 0.272172, 0.272172, 0.274404, 0.290116, 0.274404, 0.247575, 0.24713
0.245704, 0.184673, 0.247651, 0.186507, 0.247651, 0.188043, 0.197472, 0.188043, 0.178199, 0.226579, 0.199064, 0.177632, 0.197192, 0.226579, 0.19535, 0.225451, 0.19535, 0.225797, 0.227031, 0.225797, 0.316771, 0.263953, 0.316771, 0.263675, 0.263675, 0.266687, 0.281716, 0.266687, 0.240408, 0.239936
0.240602, 0.182264, 0.23829, 0.182102, 0.23829, 0.234444, 0.243315, 0.234444, 0.224484, 0.288018, 0.25477, 0.228427, 0.253524, 0.288018, 0.25482, 0.300145, 0.25482, 0.297514, 0.297192, 0.297514, 0.4082, 0.339571, 0.4082, 0.344809, 0.344809, 0.343712, 0.362169, 0.343712, 0.314614, 0.315137
0.247512, 0.188711, 0.242023, 0.185336, 0.242023, 0.181199, 0.182774, 0.181199, 0.167046, 0.21115, 0.191817, 0.167893, 0.184019, 0.21115, 0.184471, 0.216926, 0.184471, 0.215817, 0.215876, 0.215817, 0.297386, 0.24967, 0.297386, 0.251943, 0.251943, 0.24877, 0.267104, 0.24877, 0.230474, 0.230769
0.24271, 0.18595, 0.236887, 0.181556, 0.236887, 0.230439, 0.228263, 0.230439, 0.209608, 0.269526, 0.238115, 0.213341, 0.236085, 0.269526, 0.237008, 0.279188, 0.237008, 0.276595, 0.276143, 0.276595, 0.378715, 0.315202, 0.378715, 0.32016, 0.32016, 0.319681, 0.337289, 0.319681, 0.29264, 0.292991
0.249176, 0.190252, 0.242968, 0.186296, 0.242968, 0.232456, 0.230177, 0.232456, 0.208168, 0.265428, 0.238581, 0.208971, 0.22985, 0.265428, 0.230621, 0.271563, 0.230621, 0.269163, 0.268706, 0.269163, 0.36832, 0.306649, 0.36832, 0.311468, 0.311468, 0.311265, 0.328651, 0.311265, 0.284869, 0.285146
0.277105, 0.213614, 0.270858, 0.208676, 0.270858, 0.240972, 0.238876, 0.240972, 0.216479, 0.276546, 0.246925, 0.2172, 0.238177, 0.276546, 0.236518, 0.27728, 0.236518, 0.276687, 0.272409, 0.276687, 0.374537, 0.314048, 0.374537, 0.316881, 0.316881, 0.317026, 0.328304, 0.317026, 0.284249, 0.284497
0.264176, 0.210145, 0.258535, 0.199114, 0.258535, 0.184803, 0.182385, 0.184803, 0.1637, 0.205717, 0.189373, 0.161476, 0.173638, 0.205717, 0.170907, 0.199594, 0.170907, 0.19953, 0.195718, 0.19953, 0.268797, 0.227993, 0.268797, 0.227927, 0.227927, 0.225699, 0.231142, 0.225699, 0.1989, 0.198952
0.285653, 0.227939, 0.278763, 0.210747, 0.278763, 0.231993, 0.228262, 0.231993, 0.213342, 0.266304, 0.237446, 0.20919, 0.230271, 0.266304, 0.227949, 0.272183, 0.227949, 0.26775, 0.265618, 0.26775, 0.357153, 0.305684, 0.357153, 0.30228, 0.30228, 0.302707, 0.305827, 0.302707, 0.263519, 0.263329
0.307624, 0.243125, 0.299815, 0.226629, 0.299815, 0.245308, 0.240717, 0.245308, 0.223616, 0.279061, 0.246797, 0.216955, 0.238926, 0.279061, 0.234892, 0.26964, 0.234892, 0.265825, 0.263662, 0.265825, 0.356476, 0.304344, 0.356476, 0.301282, 0.301282, 0.301532, 0.303388, 0.301532, 0.261033, 0.260871
0.324056, 0.256452, 0.31621, 0.239319, 0.31621, 0.249932, 0.244825, 0.249932, 0.234601, 0.288022, 0.253553, 0.224202, 0.251273, 0.288022, 0.2471, 0.281278, 0.2471, 0.276598, 0.27523, 0.276598, 0.363745, 0.313522, 0.363745, 0.303278, 0.303278, 0.304298, 0.305251, 0.304298, 0.260225, 0.259019
0.347204, 0.27345, 0.338785, 0.256218, 0.338785, 0.257635, 0.252332, 0.257635, 0.25046, 0.301055, 0.25975, 0.242208, 0.271357, 0.301055, 0.267481, 0.303599, 0.267481, 0.299181, 0.297802, 0.299181, 0.384294, 0.340648, 0.384294, 0.319873, 0.319873, 0.321291, 0.321644, 0.321291, 0.275462, 0.272915
0.35906, 0.283239, 0.350733, 0.264115, 0.350733, 0.223931, 0.218653, 0.223931, 0.223029, 0.256593, 0.225926, 0.212541, 0.236482, 0.256593, 0.23076, 0.25972, 0.23076, 0.254184, 0.253422, 0.254184, 0.31593, 0.291098, 0.31593, 0.262442, 0.262442, 0.260428, 0.260849, 0.260428, 0.228421, 0.226222
0.391392, 0.307466, 0.382729, 0.287698, 0.382729, 0.236744, 0.231212, 0.236744, 0.24328, 0.269318, 0.236442, 0.234039, 0.26128, 0.269318, 0.257206, 0.289272, 0.257206, 0.28538, 0.283364, 0.28538, 0.342518, 0.327689, 0.342518, 0.283327, 0.283327, 0.280312, 0.279178, 0.280312, 0.258861, 0.256772
0.332632, 0.26418, 0.327, 0.248595, 0.327, 0.24512, 0.239612, 0.24512, 0.222419, 0.282196, 0.246962, 0.219641, 0.241644, 0.282196, 0.239036, 0.265894, 0.239036, 0.264998, 0.262344, 0.264998, 0.358017, 0.299436, 0.358017, 0.295493, 0.295493, 0.291748, 0.29156, 0.291748, 0.252084, 0.252569
0.439903, 0.34435, 0.433811, 0.328683, 0.433811, 0.261567, 0.25933, 0.261567, 0.28512, 0.298554, 0.258832, 0.275444, 0.308604, 0.298554, 0.303773, 0.341542, 0.303773, 0.338684, 0.335015, 0.338684, 0.385258, 0.389309, 0.385258, 0.316015, 0.316015, 0.316294, 0.309643, 0.316294, 0.311274, 0.310504
0.44238, 0.346034, 0.435926, 0.330345, 0.435926, 0.286865, 0.288579, 0.286865, 0.315053, 0.336823, 0.291476, 0.30904, 0.344676, 0.336823, 0.343672, 0.388565, 0.343672, 0.388076, 0.384351, 0.388076, 0.452588, 0.442514, 0.452588, 0.372495, 0.372495, 0.374505, 0.369235, 0.374505, 0.361733, 0.361333
0.352478, 0.277627, 0.346401, 0.263947, 0.346401, 0.283139, 0.28934, 0.283139, 0.263378, 0.333471, 0.297443, 0.263884, 0.290697, 0.333471, 0.291284, 0.325563, 0.291284, 0.329582, 0.326206, 0.329582, 0.450247, 0.376117, 0.450247, 0.375872, 0.375872, 0.378195, 0.37651, 0.378195, 0.324192, 0.324972
0.473039, 0.366723, 0.466885, 0.354599, 0.466885, 0.285279, 0.291464, 0.285279, 0.332723, 0.337743, 0.302018, 0.327398, 0.364432, 0.337743, 0.363795, 0.411307, 0.363795, 0.409939, 0.406308, 0.409939, 0.454018, 0.469911, 0.454018, 0.379026, 0.379026, 0.380893, 0.386204, 0.380893, 0.397997, 0.398009
0.471905, 0.366588, 0.466582, 0.353506, 0.466582, 0.288379, 0.294598, 0.288379, 0.335103, 0.338791, 0.302473, 0.329248, 0.36644, 0.338791, 0.365191, 0.41214, 0.365191, 0.410496, 0.406743, 0.410496, 0.454838, 0.470702, 0.454838, 0.378289, 0.378289, 0.382082, 0.394179, 0.382082, 0.405273, 0.402854
0.480091, 0.371541, 0.477282, 0.363814, 0.477282, 0.294645, 0.304013, 0.294645, 0.342897, 0.345664, 0.305934, 0.33587, 0.37639, 0.345664, 0.375136, 0.423316, 0.375136, 0.425273, 0.421041, 0.425273, 0.467566, 0.486832, 0.467566, 0.388658, 0.388658, 0.394148, 0.400719, 0.394148, 0.415406, 0.41375
0.363023, 0.286215, 0.3576, 0.27023, 0.3576, 0.268466, 0.277667, 0.268466, 0.250117, 0.313173, 0.284226, 0.246561, 0.271365, 0.313173, 0.271988, 0.301519, 0.271988, 0.306197, 0.303286, 0.306197, 0.418991, 0.351396, 0.418991, 0.349366, 0.349366, 0.348175, 0.363884, 0.348175, 0.31161, 0.309741
0.490266, 0.380593, 0.484604, 0.366432, 0.484604, 0.281617, 0.288487, 0.281617, 0.349312, 0.337419, 0.300545, 0.344547, 0.382613, 0.337419, 0.383799, 0.435734, 0.383799, 0.434204, 0.430257, 0.434204, 0.455046, 0.495903, 0.455046, 0.380278, 0.380278, 0.380661, 0.397343, 0.380661, 0.43078, 0.429099
0.494472, 0.38346, 0.488711, 0.37135, 0.488711, 0.285069, 0.291571, 0.285069, 0.351532, 0.33794, 0.303759, 0.344899, 0.380845, 0.33794, 0.381565, 0.434502, 0.381565, 0.432984, 0.431009, 0.432984, 0.453182, 0.494372, 0.453182, 0.378504, 0.378504, 0.378677, 0.398294, 0.378677, 0.428154, 0.426427
0.497888, 0.37979, 0.494706, 0.374517, 0.494706, 0.298066, 0.30348, 0.298066, 0.357007, 0.343673, 0.30591, 0.349453, 0.391359, 0.343673, 0.390375, 0.439952, 0.390375, 0.444612, 0.441264, 0.444612, 0.470637, 0.514104, 0.470637, 0.394225, 0.394225, 0.40192, 0.415946, 0.40192, 0.440809, 0.437519
0.497422, 0.385037, 0.491215, 0.372963, 0.491215, 0.289113, 0.295239, 0.289113, 0.35821, 0.341463, 0.305445, 0.350589, 0.387792, 0.341463, 0.386639, 0.438036, 0.386639, 0.439098, 0.433917, 0.439098, 0.454283, 0.501001, 0.454283, 0.37881, 0.37881, 0.379075, 0.39824, 0.379075, 0.432046, 0.429707
0.371948, 0.287802, 0.366483, 0.277174, 0.366483, 0.292108, 0.298288, 0.292108, 0.274694, 0.347592, 0.31013, 0.273251, 0.298433, 0.347592, 0.296973, 0.332852, 0.296973, 0.331297, 0.330201, 0.331297, 0.454344, 0.380522, 0.454344, 0.382604, 0.382604, 0.384131, 0.403527, 0.384131, 0.343447, 0.341333
0.374206, 0.287367, 0.368737, 0.278859, 0.368737, 0.293589, 0.299794, 0.293589, 0.276504, 0.349222, 0.311127, 0.276551, 0.301812, 0.349222, 0.301043, 0.338077, 0.301043, 0.335417, 0.333703, 0.335417, 0.458202, 0.381532, 0.458202, 0.383624, 0.383624, 0.384266, 0.403796, 0.384266, 0.342188, 0.340032
0.49682, 0.37493, 0.491943, 0.374214, 0.491943, 0.289277, 0.295898, 0.289277, 0.35576, 0.341091, 0.304393, 0.349301, 0.392079, 0.341091, 0.393895, 0.44965, 0.393895, 0.447038, 0.447861, 0.447038, 0.456993, 0.514971, 0.456993, 0.380428, 0.380428, 0.382642, 0.402805, 0.382642, 0.453263, 0.449765
0.496033, 0.37615, 0.493505, 0.374314, 0.493505, 0.293022, 0.299126, 0.293022, 0.356521, 0.34485, 0.304768, 0.348908, 0.391936, 0.34485, 0.392644, 0.447188, 0.392644, 0.443332, 0.445259, 0.443332, 0.458557, 0.511919, 0.458557, 0.38005, 0.38005, 0.384321, 0.400041, 0.384321, 0.448646, 0.444404
0.37439, 0.285005, 0.372017, 0.282743, 0.372017, 0.291965, 0.297468, 0.291965, 0.272843, 0.346631, 0.305477, 0.273321, 0.300273, 0.346631, 0.299775, 0.336402, 0.299775, 0.337444, 0.334821, 0.337444, 0.462942, 0.385584, 0.462942, 0.383978, 0.383978, 0.386565, 0.403885, 0.386565, 0.343095, 0.341634
0.367312, 0.278271, 0.361779, 0.278239, 0.361779, 0.276859, 0.281346, 0.276859, 0.260483, 0.333059, 0.295002, 0.262433, 0.286879, 0.333059, 0.291805, 0.338171, 0.291805, 0.335793, 0.331835, 0.335793, 0.454635, 0.379796, 0.454635, 0.381502, 0.381502, 0.37821, 0.39656, 0.37821, 0.341936, 0.341798
0.470836, 0.355822, 0.465004, 0.356203, 0.465004, 0.276183, 0.273904, 0.276183, 0.333966, 0.330442, 0.28726, 0.334019, 0.37693, 0.330442, 0.380336, 0.44207, 0.380336, 0.439863, 0.43824, 0.439863, 0.449613, 0.501419, 0.449613, 0.378511, 0.378511, 0.374384, 0.394045, 0.374384, 0.445069, 0.443553
0.441601, 0.333819, 0.435841, 0.334092, 0.435841, 0.25267, 0.258628, 0.25267, 0.319571, 0.305552, 0.270097, 0.321893, 0.35784, 0.305552, 0.362999, 0.418676, 0.362999, 0.417236, 0.416529, 0.417236, 0.416163, 0.478316, 0.416163, 0.353095, 0.353095, 0.349417, 0.366251, 0.349417, 0.426842, 0.423983
0.343099, 0.260477, 0.337552, 0.260067, 0.337552, 0.254237, 0.260448, 0.254237, 0.240964, 0.305672, 0.271883, 0.243572, 0.264236, 0.305672, 0.268266, 0.313031, 0.268266, 0.312016, 0.309667, 0.312016, 0.421823, 0.356926, 0.421823, 0.358147, 0.358147, 0.35434, 0.371057, 0.35434, 0.318296, 0.31714
0.412012, 0.314118, 0.406887, 0.312706, 0.406887, 0.246672, 0.253944, 0.246672, 0.298251, 0.296432, 0.268517, 0.299879, 0.328978, 0.296432, 0.332626, 0.390061, 0.332626, 0.389064, 0.387365, 0.389064, 0.409136, 0.448525, 0.409136, 0.346701, 0.346701, 0.34279, 0.353076, 0.34279, 0.399978, 0.402396
0.408768, 0.314818, 0.403551, 0.310259, 0.403551, 0.247377, 0.254682, 0.247377, 0.296334, 0.297232, 0.269403, 0.297848, 0.326776, 0.297232, 0.330474, 0.386686, 0.330474, 0.385829, 0.384691, 0.385829, 0.407247, 0.445222, 0.407247, 0.346924, 0.346924, 0.342931, 0.348951, 0.342931, 0.403016, 0.403852
0.377028, 0.294445, 0.371377, 0.286057, 0.371377, 0.231893, 0.23893, 0.231893, 0.27354, 0.278819, 0.253294, 0.274833, 0.301298, 0.278819, 0.304905, 0.356148, 0.304905, 0.355324, 0.355069, 0.355324, 0.380273, 0.410164, 0.380273, 0.32431, 0.32431, 0.321684, 0.336422, 0.321684, 0.380336, 0.377914
0.386803, 0.301953, 0.379519, 0.291254, 0.379519, 0.234245, 0.241338, 0.234245, 0.277639, 0.281746, 0.255732, 0.278988, 0.305588, 0.281746, 0.309082, 0.362746, 0.309082, 0.361912, 0.36039, 0.361912, 0.388094, 0.417245, 0.388094, 0.329165, 0.329165, 0.325132, 0.340487, 0.325132, 0.384578, 0.382887
0.384996, 0.299872, 0.377738, 0.289101, 0.377738, 0.234186, 0.240331, 0.234186, 0.273023, 0.27904, 0.253691, 0.274224, 0.300236, 0.27904, 0.30362, 0.356469, 0.30362, 0.355635, 0.354226, 0.355635, 0.383935, 0.410213, 0.383935, 0.32571, 0.32571, 0.321856, 0.336754, 0.321856, 0.378331, 0.377477
0.374815, 0.292382, 0.367691, 0.281571, 0.367691, 0.225255, 0.231256, 0.225255, 0.265196, 0.266682, 0.244432, 0.264519, 0.289075, 0.266682, 0.292264, 0.343125, 0.292264, 0.342507, 0.341166, 0.342507, 0.3653, 0.394993, 0.3653, 0.310137, 0.310137, 0.306413, 0.324809, 0.306413, 0.36029, 0.358415
0.367514, 0.28674, 0.360397, 0.276045, 0.360397, 0.225519, 0.231512, 0.225519, 0.262005, 0.266928, 0.244691, 0.261353, 0.286073, 0.266928, 0.288807, 0.337633, 0.288807, 0.336548, 0.335392, 0.336548, 0.362324, 0.388368, 0.362324, 0.30765, 0.30765, 0.303954, 0.323735, 0.303954, 0.360211, 0.359341
0.363268, 0.281991, 0.356104, 0.272896, 0.356104, 0.235577, 0.241716, 0.235577, 0.258063, 0.278702, 0.255098, 0.257057, 0.280972, 0.278702, 0.283654, 0.32729, 0.283654, 0.326207, 0.324996, 0.326207, 0.371795, 0.376514, 0.371795, 0.315563, 0.315563, 0.3118, 0.331981, 0.3118, 0.348588, 0.347643
0.317931, 0.248542, 0.310259, 0.2377, 0.310259, 0.231548, 0.237611, 0.231548, 0.217946, 0.273866, 0.250912, 0.21757, 0.233889, 0.273866, 0.234846, 0.265284, 0.234846, 0.263883, 0.26066, 0.263883, 0.357065, 0.300178, 0.357065, 0.300316, 0.300316, 0.296373, 0.315142, 0.296373, 0.269991, 0.269043
0.33721, 0.261537, 0.33144, 0.254368, 0.33144, 0.227379, 0.233351, 0.227379, 0.240342, 0.268822, 0.246561, 0.2392, 0.261401, 0.268822, 0.26415, 0.301121, 0.26415, 0.299053, 0.298021, 0.299053, 0.351035, 0.342451, 0.351035, 0.295328, 0.295328, 0.291311, 0.309743, 0.291311, 0.314008, 0.312341
0.354007, 0.273796, 0.348032, 0.266797, 0.348032, 0.225103, 0.231024, 0.225103, 0.248179, 0.266065, 0.244181, 0.247738, 0.268902, 0.266065, 0.272128, 0.309637, 0.272128, 0.308978, 0.307513, 0.308978, 0.347741, 0.353342, 0.347741, 0.292604, 0.292604, 0.28855, 0.306792, 0.28855, 0.317255, 0.314095
0.3294, 0.255586, 0.32398, 0.250283, 0.32398, 0.22893, 0.236233, 0.22893, 0.237717, 0.272005, 0.248654, 0.236066, 0.258418, 0.272005, 0.261066, 0.297625, 0.261066, 0.29557, 0.294325, 0.29557, 0.355811, 0.338393, 0.355811, 0.299299, 0.299299, 0.295162, 0.31357, 0.295162, 0.309149, 0.307562
0.326165, 0.250227, 0.321932, 0.248041, 0.321932, 0.235981, 0.241694, 0.235981, 0.233357, 0.275346, 0.249713, 0.232818, 0.263191, 0.275346, 0.266055, 0.30138, 0.266055, 0.304182, 0.302968, 0.304182, 0.38682, 0.357305, 0.38682, 0.323406, 0.323406, 0.329652, 0.332779, 0.329652, 0.317694, 0.315623
0.325946, 0.252234, 0.321321, 0.248585, 0.321321, 0.223755, 0.231866, 0.223755, 0.233127, 0.265658, 0.243391, 0.232055, 0.25334, 0.265658, 0.257547, 0.293549, 0.257547, 0.29538, 0.294725, 0.29538, 0.353736, 0.339082, 0.353736, 0.29759, 0.29759, 0.293386, 0.311606, 0.293386, 0.305738, 0.303595
0.320392, 0.247416, 0.315719, 0.244216, 0.315719, 0.220814, 0.228818, 0.220814, 0.229194, 0.262124, 0.240304, 0.228136, 0.249058, 0.262124, 0.253215, 0.288711, 0.253215, 0.290405, 0.289542, 0.290405, 0.348866, 0.333132, 0.348866, 0.293559, 0.293559, 0.289355, 0.307385, 0.289355, 0.300557, 0.298465
0.284026, 0.220285, 0.279013, 0.218951, 0.279013, 0.214251, 0.221951, 0.214251, 0.202271, 0.25414, 0.233319, 0.201803, 0.218142, 0.25414, 0.220488, 0.250041, 0.220488, 0.248901, 0.245667, 0.248901, 0.336682, 0.283045, 0.336682, 0.283483, 0.283483, 0.279225, 0.296649, 0.279225, 0.254339, 0.253631
0.27873, 0.216245, 0.273742, 0.214889, 0.273742, 0.210427, 0.217932, 0.210427, 0.199666, 0.251181, 0.230739, 0.199521, 0.215674, 0.251181, 0.21733, 0.246849, 0.21733, 0.245447, 0.242235, 0.245447, 0.331965, 0.279105, 0.331965, 0.279579, 0.279579, 0.275318, 0.292524, 0.275318, 0.250818, 0.25013
0.277895, 0.215618, 0.272871, 0.214193, 0.272871, 0.209757, 0.215454, 0.209757, 0.198389, 0.249372, 0.23054, 0.200252, 0.214283, 0.249372, 0.214538, 0.246283, 0.214538, 0.245594, 0.242357, 0.245594, 0.332199, 0.279275, 0.332199, 0.279792, 0.279792, 0.27545, 0.292514, 0.27545, 0.250853, 0.250208
0.269119, 0.208912, 0.264157, 0.20748, 0.264157, 0.202888, 0.208254, 0.202888, 0.191806, 0.241014, 0.223071, 0.193659, 0.207106, 0.241014, 0.207354, 0.238053, 0.207354, 0.237756, 0.235009, 0.237756, 0.321402, 0.270808, 0.321402, 0.271356, 0.271356, 0.267095, 0.283833, 0.267095, 0.243399, 0.242752
0.247146, 0.192081, 0.242408, 0.190729, 0.242408, 0.186474, 0.192772, 0.186474, 0.177241, 0.22271, 0.206079, 0.178708, 0.191677, 0.22271, 0.191911, 0.220356, 0.191911, 0.220088, 0.217703, 0.220088, 0.297238, 0.250855, 0.297238, 0.251446, 0.251446, 0.247424, 0.263413, 0.247424, 0.225848, 0.22518
0.259064, 0.201207, 0.254234, 0.199868, 0.254234, 0.19552, 0.202593, 0.19552, 0.185715, 0.233453, 0.215762, 0.187222, 0.201075, 0.233453, 0.202071, 0.231999, 0.202071, 0.231712, 0.228797, 0.231712, 0.313131, 0.263642, 0.313131, 0.264203, 0.264203, 0.260033, 0.276526, 0.260033, 0.237114, 0.236454
0.258591, 0.200844, 0.253772, 0.199517, 0.253772, 0.195168, 0.202234, 0.195168, 0.185381, 0.233025, 0.215408, 0.186902, 0.200721, 0.233025, 0.201944, 0.231955, 0.201944, 0.231669, 0.229567, 0.231669, 0.313072, 0.264538, 0.313072, 0.265107, 0.265107, 0.260908, 0.277394, 0.260908, 0.237871, 0.237223
0.257623, 0.200107, 0.252794, 0.198748, 0.252794, 0.194417, 0.201184, 0.194417, 0.184688, 0.232157, 0.214551, 0.186168, 0.199932, 0.232157, 0.200301, 0.229972, 0.200301, 0.229688, 0.227788, 0.229688, 0.310362, 0.26441, 0.310362, 0.265661, 0.265661, 0.262011, 0.278399, 0.262011, 0.238775, 0.238168
0.246423, 0.191525, 0.2417, 0.190189, 0.2417, 0.185935, 0.19262, 0.185935, 0.17673, 0.222056, 0.205529, 0.178215, 0.191248, 0.222056, 0.19176, 0.220183, 0.19176, 0.219914, 0.218085, 0.219914, 0.297002, 0.25315, 0.297002, 0.254398, 0.254398, 0.252204, 0.268295, 0.252204, 0.230107, 0.229503
0.245415, 0.190746, 0.240738, 0.189477, 0.240738, 0.185207, 0.19199, 0.185207, 0.176026, 0.221138, 0.204875, 0.177592, 0.190541, 0.221138, 0.191716, 0.220238, 0.191716, 0.221233, 0.219394, 0.221233, 0.298803, 0.254669, 0.298803, 0.255544, 0.255544, 0.251416, 0.267445, 0.251416, 0.229347, 0.228714
0.244691, 0.190205, 0.239937, 0.188786, 0.239937, 0.183724, 0.188716, 0.183724, 0.173923, 0.218334, 0.202726, 0.175734, 0.187637, 0.218334, 0.187866, 0.215721, 0.187866, 0.21546, 0.213663, 0.21546, 0.290916, 0.248018, 0.290916, 0.249264, 0.249264, 0.247101, 0.265503, 0.247101, 0.227608, 0.225963
0.228205, 0.177552, 0.223607, 0.175326, 0.223607, 0.170283, 0.174994, 0.170283, 0.161345, 0.202409, 0.188372, 0.163115, 0.173969, 0.202409, 0.174185, 0.200038, 0.174185, 0.199802, 0.198122, 0.199802, 0.26955, 0.229985, 0.26955, 0.231216, 0.231216, 0.229167, 0.246658, 0.229167, 0.211418, 0.209822
0.222447, 0.173122, 0.217955, 0.171799, 0.217955, 0.167758, 0.172771, 0.167758, 0.159306, 0.199829, 0.185999, 0.161068, 0.171755, 0.199829, 0.171969, 0.197498, 0.171969, 0.197265, 0.195605, 0.197265, 0.266091, 0.227063, 0.266091, 0.228291, 0.228291, 0.226261, 0.243599, 0.226261, 0.208791, 0.207203
0.211963, 0.165058, 0.207577, 0.16373, 0.207577, 0.159117, 0.163583, 0.159117, 0.150876, 0.189168, 0.176392, 0.152602, 0.162607, 0.189168, 0.162812, 0.186998, 0.162812, 0.186781, 0.185202, 0.186781, 0.251809, 0.214992, 0.251809, 0.216204, 0.216204, 0.214254, 0.230938, 0.214254, 0.197917, 0.196369
0.201842, 0.157263, 0.197591, 0.155983, 0.197591, 0.151834, 0.156134, 0.151834, 0.144038, 0.180527, 0.168551, 0.145731, 0.155193, 0.180527, 0.155389, 0.178486, 0.155389, 0.178283, 0.176769, 0.178283, 0.240242, 0.205207, 0.240242, 0.206403, 0.206403, 0.204521, 0.220652, 0.204521, 0.189085, 0.187572
0.191802, 0.149523, 0.18767, 0.14783, 0.18767, 0.143318, 0.147419, 0.143318, 0.136031, 0.170418, 0.159355, 0.137682, 0.146519, 0.170418, 0.146706, 0.168526, 0.146706, 0.168338, 0.166904, 0.168338, 0.226721, 0.19376, 0.226721, 0.194932, 0.194932, 0.193132, 0.208591, 0.193132, 0.178731, 0.177263
0.165855, 0.130495, 0.161369, 0.126955, 0.161369, 0.122906, 0.126507, 0.122906, 0.116801, 0.146172, 0.137195, 0.118329, 0.125713, 0.146172, 0.125876, 0.14463, 0.125876, 0.144477, 0.143236, 0.144477, 0.194336, 0.166296, 0.194336, 0.167396, 0.167396, 0.165802, 0.179539, 0.165802, 0.153799, 0.152457
0.173234, 0.13625, 0.168597, 0.132561, 0.168597, 0.128382, 0.13212, 0.128382, 0.121966, 0.152679, 0.143157, 0.12353, 0.131297, 0.152679, 0.131467, 0.151045, 0.131467, 0.150883, 0.149589, 0.150883, 0.203021, 0.173668, 0.203021, 0.17479, 0.17479, 0.173139, 0.187354, 0.173139, 0.160504, 0.159126
0.165739, 0.130405, 0.161256, 0.126867, 0.161256, 0.12282, 0.126419, 0.12282, 0.11672, 0.14607, 0.137101, 0.118247, 0.125626, 0.14607, 0.125789, 0.14453, 0.125789, 0.144377, 0.143136, 0.144377, 0.194199, 0.166181, 0.194199, 0.16728, 0.16728, 0.165687, 0.179417, 0.165687, 0.153694, 0.152352
0.164538, 0.129468, 0.16008, 0.125955, 0.16008, 0.121929, 0.125505, 0.121929, 0.11588, 0.145011, 0.13613, 0.1174, 0.124717, 0.145011, 0.124879, 0.143486, 0.124879, 0.143335, 0.142103, 0.143335, 0.192787, 0.164981, 0.192787, 0.166076, 0.166076, 0.164493, 0.178144, 0.164493, 0.152602, 0.151266
0.150551, 0.118545, 0.146391, 0.115319, 0.146391, 0.111551, 0.11486, 0.111551, 0.10608, 0.132676, 0.124792, 0.107525, 0.11413, 0.132676, 0.114279, 0.131321, 0.114279, 0.131187, 0.130056, 0.131187, 0.176332, 0.151001, 0.176332, 0.152048, 0.152048, 0.150576, 0.163287, 0.150576, 0.139858, 0.138596
0.15901, 0.125153, 0.154668, 0.121752, 0.154668, 0.117827, 0.121298, 0.117827, 0.112008, 0.140136, 0.131654, 0.1135, 0.120533, 0.140136, 0.12069, 0.138678, 0.12069, 0.138534, 0.137342, 0.138534, 0.186282, 0.159456, 0.186282, 0.160534, 0.160534, 0.158993, 0.172278, 0.158993, 0.14757, 0.146262
0.155721, 0.122584, 0.151449, 0.119251, 0.151449, 0.115386, 0.118795, 0.115386, 0.109703, 0.137235, 0.128988, 0.111177, 0.118043, 0.137235, 0.118197, 0.135818, 0.118197, 0.135678, 0.134509, 0.135678, 0.182412, 0.156169, 0.182412, 0.157235, 0.157235, 0.155721, 0.168784, 0.155721, 0.144573, 0.143283
0.154113, 0.121328, 0.149876, 0.118028, 0.149876, 0.114194, 0.117571, 0.114194, 0.108577, 0.135817, 0.127684, 0.110042, 0.116826, 0.135817, 0.116979, 0.13442, 0.116979, 0.134281, 0.133124, 0.134281, 0.180521, 0.154562, 0.180521, 0.155622, 0.155622, 0.154121, 0.167076, 0.154121, 0.143107, 0.141826
0.167035, 0.131416, 0.162525, 0.127852, 0.162525, 0.123782, 0.127405, 0.123782, 0.117628, 0.147213, 0.13815, 0.119161, 0.126607, 0.147213, 0.126771, 0.145657, 0.126771, 0.145503, 0.144253, 0.145503, 0.195725, 0.167476, 0.195725, 0.168579, 0.168579, 0.166976, 0.180791, 0.166976, 0.154873, 0.153524
0.155823, 0.122664, 0.151549, 0.119329, 0.151549, 0.115462, 0.118873, 0.115462, 0.109775, 0.137326, 0.129071, 0.11125, 0.118121, 0.137326, 0.118275, 0.135907, 0.118275, 0.135767, 0.134597, 0.135767, 0.182533, 0.156271, 0.182533, 0.157338, 0.157338, 0.155823, 0.168893, 0.155823, 0.144667, 0.143376
0.148678, 0.117082, 0.14456, 0.113894, 0.14456, 0.110162, 0.113434, 0.110162, 0.104767, 0.131024, 0.123271, 0.106201, 0.112712, 0.131024, 0.11286, 0.129692, 0.11286, 0.12956, 0.128442, 0.12956, 0.17413, 0.149129, 0.17413, 0.150169, 0.150169, 0.148712, 0.161294, 0.148712, 0.138149, 0.136897
0.147379, 0.116066, 0.143289, 0.112905, 0.143289, 0.109198, 0.112445, 0.109198, 0.103856, 0.129879, 0.122216, 0.105283, 0.111729, 0.129879, 0.111875, 0.128562, 0.111875, 0.128432, 0.127323, 0.128432, 0.172603, 0.14783, 0.172603, 0.148866, 0.148866, 0.147419, 0.159912, 0.147419, 0.136963, 0.135718
0.162614, 0.127966, 0.158196, 0.124492, 0.158196, 0.120501, 0.124041, 0.120501, 0.114532, 0.143314, 0.134573, 0.116043, 0.123261, 0.143314, 0.123421, 0.141812, 0.123421, 0.141664, 0.140446, 0.141664, 0.190522, 0.163058, 0.190522, 0.164147, 0.164147, 0.162579, 0.176103, 0.162579, 0.150851, 0.149525
0, 0, 0, 0, 0, 0, 0, 0, 0, 0, 0, 0, 0, 0, 0, 0, 0, 0, 0, 0, 0, 0, 0, 0, 0, 0, 0, 0, 0, 0
0, 0, 0, 0, 0, 0, 0, 0, 0, 0, 0, 0, 0, 0, 0, 0, 0, 0, 0, 0, 0, 0, 0, 0, 0, 0, 0, 0, 0, 0
0, 0, 0, 0, 0, 0, 0, 0, 0, 0, 0, 0, 0, 0, 0, 0, 0, 0, 0, 0, 0, 0, 0, 0, 0, 0, 0, 0, 0, 0
0, 0, 0, 0, 0, 0, 0, 0, 0, 0, 0, 0, 0, 0, 0, 0, 0, 0, 0, 0, 0, 0, 0, 0, 0, 0, 0, 0, 0, 0
0, 0, 0, 0, 0, 0, 0, 0, 0, 0, 0, 0, 0, 0, 0, 0, 0, 0, 0, 0, 0, 0, 0, 0, 0, 0, 0, 0, 0, 0
0, 0, 0, 0, 0, 0, 0, 0, 0, 0, 0, 0, 0, 0, 0, 0, 0, 0, 0, 0, 0, 0, 0, 0, 0, 0, 0, 0, 0, 0
0, 0, 0, 0, 0, 0, 0, 0, 0, 0, 0, 0, 0, 0, 0, 0, 0, 0, 0, 0, 0, 0, 0, 0, 0, 0, 0, 0, 0, 0
0, 0, 0, 0, 0, 0, 0, 0, 0, 0, 0, 0, 0, 0, 0, 0, 0, 0, 0, 0, 0, 0, 0, 0, 0, 0, 0, 0, 0, 0
0, 0, 0, 0, 0, 0, 0, 0, 0, 0, 0, 0, 0, 0, 0, 0, 0, 0, 0, 0, 0, 0, 0, 0, 0, 0, 0, 0, 0, 0
0.158337, 0.124627, 0.154009, 0.121241, 0.154009, 0.117327, 0.120786, 0.117327, 0.111536, 0.139542, 0.131108, 0.113024, 0.120024, 0.139542, 0.12018, 0.138093, 0.12018, 0.13795, 0.136762, 0.13795, 0.18549, 0.158784, 0.18549, 0.159859, 0.159859, 0.158324, 0.171563, 0.158324, 0.146957, 0.145653
0, 0, 0, 0, 0, 0, 0, 0, 0, 0, 0, 0, 0, 0, 0, 0, 0, 0, 0, 0, 0, 0, 0, 0, 0, 0, 0, 0, 0, 0
0, 0, 0, 0, 0, 0, 0, 0, 0, 0, 0, 0, 0, 0, 0, 0, 0, 0, 0, 0, 0, 0, 0, 0, 0, 0, 0, 0, 0, 0
0, 0, 0, 0, 0, 0, 0, 0, 0, 0, 0, 0, 0, 0, 0, 0, 0, 0, 0, 0, 0, 0, 0, 0, 0, 0, 0, 0, 0, 0
0, 0, 0, 0, 0, 0, 0, 0, 0, 0, 0, 0, 0, 0, 0, 0, 0, 0, 0, 0, 0, 0, 0, 0, 0, 0, 0, 0, 0, 0
0.0402912, 0.0278315, 0.042462, 0.0326464, 0.042462, 0.0346686, 0.0433143, 0.0346686, 0.0357792, 0.0430786, 0.044897, 0.0364684, 0.0386456, 0.0430786, 0.0389998, 0.0458282, 0.0389998, 0.0497971, 0.0510088, 0.0497971, 0.0734644, 0.0638204, 0.0734644, 0.0659736, 0.0659736, 0.0715233, 0.0872541, 0.0715233, 0.0707757, 0.0687643
0.0403024, 0.0278098, 0.0424952, 0.0327111, 0.0424952, 0.0347527, 0.0427769, 0.0347527, 0.0352424, 0.0424133, 0.04448, 0.0359484, 0.0379155, 0.0424133, 0.0382865, 0.0450337, 0.0382865, 0.0490806, 0.0503035, 0.0490806, 0.0724811, 0.0630978, 0.0724811, 0.065328, 0.065328, 0.0709814, 0.0872025, 0.0709814, 0.0706227, 0.0685468
0, 0, 0, 0, 0, 0, 0, 0, 0, 0, 0, 0, 0, 0, 0, 0, 0, 0, 0, 0, 0, 0, 0, 0, 0, 0, 0, 0, 0, 0
0.0387386, 0.0266885, 0.0408846, 0.0314939, 0.0408846, 0.0334923, 0.040514, 0.0334923, 0.0332496, 0.0409202, 0.042266, 0.0339357, 0.0355756, 0.0409202, 0.035962, 0.042339, 0.035962, 0.0463401, 0.0475285, 0.0463401, 0.0685553, 0.0598212, 0.0685553, 0.0620606, 0.0620606, 0.067639, 0.0838068, 0.067639, 0.0677437, 0.0656803
0, 0, 0, 0, 0, 0, 0, 0, 0, 0, 0, 0, 0, 0, 0, 0, 0, 0, 0, 0, 0, 0, 0, 0, 0, 0, 0, 0, 0, 0
0, 0, 0, 0, 0, 0, 0, 0, 0, 0, 0, 0, 0, 0, 0, 0, 0, 0, 0, 0, 0, 0, 0, 0, 0, 0, 0, 0, 0, 0
0.0422374, 0.0292298, 0.0444854, 0.0340784, 0.0444854, 0.0361771, 0.0467156, 0.0361771, 0.0387722, 0.0470318, 0.0480613, 0.0394406, 0.0422016, 0.0470318, 0.0425495, 0.0498818, 0.0425495, 0.0539006, 0.0551478, 0.0539006, 0.0794043, 0.0686563, 0.0794043, 0.0707477, 0.0707477, 0.0763718, 0.0917645, 0.0763718, 0.0746885, 0.0727361
0, 0, 0, 0, 0, 0, 0, 0, 0, 0, 0, 0, 0, 0, 0, 0, 0, 0, 0, 0, 0, 0, 0, 0, 0, 0, 0, 0, 0, 0
0, 0, 0, 0, 0, 0, 0, 0, 0, 0, 0, 0, 0, 0, 0, 0, 0, 0, 0, 0, 0, 0, 0, 0, 0, 0, 0, 0, 0, 0
0, 0, 0, 0, 0, 0, 0, 0, 0, 0, 0, 0, 0, 0, 0, 0, 0, 0, 0, 0, 0, 0, 0, 0, 0, 0, 0, 0, 0, 0
0, 0, 0, 0, 0, 0, 0, 0, 0, 0, 0, 0, 0, 0, 0, 0, 0, 0, 0, 0, 0, 0, 0, 0, 0, 0, 0, 0, 0, 0
0, 0, 0, 0, 0, 0, 0, 0, 0, 0, 0, 0, 0, 0, 0, 0, 0, 0, 0, 0, 0, 0, 0, 0, 0, 0, 0, 0, 0, 0
0, 0, 0, 0, 0, 0, 0, 0, 0, 0, 0, 0, 0, 0, 0, 0, 0, 0, 0, 0, 0, 0, 0, 0, 0, 0, 0, 0, 0, 0
0, 0, 0, 0, 0, 0, 0, 0, 0, 0, 0, 0, 0, 0, 0, 0, 0, 0, 0, 0, 0, 0, 0, 0, 0, 0, 0, 0, 0, 0
0, 0, 0, 0, 0, 0, 0, 0, 0, 0, 0, 0, 0, 0, 0, 0, 0, 0, 0, 0, 0, 0, 0, 0, 0, 0, 0, 0, 0, 0
0, 0, 0, 0, 0, 0, 0, 0, 0, 0, 0, 0, 0, 0, 0, 0, 0, 0, 0, 0, 0, 0, 0, 0, 0, 0, 0, 0, 0, 0
0, 0, 0, 0, 0, 0, 0, 0, 0, 0, 0, 0, 0, 0, 0, 0, 0, 0, 0, 0, 0, 0, 0, 0, 0, 0, 0, 0, 0, 0
0, 0, 0, 0, 0, 0, 0, 0, 0, 0, 0, 0, 0, 0, 0, 0, 0, 0, 0, 0, 0, 0, 0, 0, 0, 0, 0, 0, 0, 0
0, 0, 0, 0, 0, 0, 0, 0, 0, 0, 0, 0, 0, 0, 0, 0, 0, 0, 0, 0, 0, 0, 0, 0, 0, 0, 0, 0, 0, 0
0, 0, 0, 0, 0, 0, 0, 0, 0, 0, 0, 0, 0, 0, 0, 0, 0, 0, 0, 0, 0, 0, 0, 0, 0, 0, 0, 0, 0, 0
0, 0, 0, 0, 0, 0, 0, 0, 0, 0, 0, 0, 0, 0, 0, 0, 0, 0, 0, 0, 0, 0, 0, 0, 0, 0, 0, 0, 0, 0
0, 0, 0, 0, 0, 0, 0, 0, 0, 0, 0, 0, 0, 0, 0, 0, 0, 0, 0, 0, 0, 0, 0, 0, 0, 0, 0, 0, 0, 0
0, 0, 0, 0, 0, 0, 0, 0, 0, 0, 0, 0, 0, 0, 0, 0, 0, 0, 0, 0, 0, 0, 0, 0, 0, 0, 0, 0, 0, 0
0, 0, 0, 0, 0, 0, 0, 0, 0, 0, 0, 0, 0, 0, 0, 0, 0, 0, 0, 0, 0, 0, 0, 0, 0, 0, 0, 0, 0, 0
0, 0, 0, 0, 0, 0, 0, 0, 0, 0, 0, 0, 0, 0, 0, 0, 0, 0, 0, 0, 0, 0, 0, 0, 0, 0, 0, 0, 0, 0
0, 0, 0, 0, 0, 0, 0, 0, 0, 0, 0, 0, 0, 0, 0, 0, 0, 0, 0, 0, 0, 0, 0, 0, 0, 0, 0, 0, 0, 0
0, 0, 0, 0, 0, 0, 0, 0, 0, 0, 0, 0, 0, 0, 0, 0, 0, 0, 0, 0, 0, 0, 0, 0, 0, 0, 0, 0, 0, 0
0, 0, 0, 0, 0, 0, 0, 0, 0, 0, 0, 0, 0, 0, 0, 0, 0, 0, 0, 0, 0, 0, 0, 0, 0, 0, 0, 0, 0, 0
0, 0, 0, 0, 0, 0, 0, 0, 0, 0, 0, 0, 0, 0, 0, 0, 0, 0, 0, 0, 0, 0, 0, 0, 0, 0, 0, 0, 0, 0
0, 0, 0, 0, 0, 0, 0, 0, 0, 0, 0, 0, 0, 0, 0, 0, 0, 0, 0, 0, 0, 0, 0, 0, 0, 0, 0, 0, 0, 0
0, 0, 0, 0, 0, 0, 0, 0, 0, 0, 0, 0, 0, 0, 0, 0, 0, 0, 0, 0, 0, 0, 0, 0, 0, 0, 0, 0, 0, 0
0, 0, 0, 0, 0, 0, 0, 0, 0, 0, 0, 0, 0, 0, 0, 0, 0, 0, 0, 0, 0, 0, 0, 0, 0, 0, 0, 0, 0, 0
0, 0, 0, 0, 0, 0, 0, 0, 0, 0, 0, 0, 0, 0, 0, 0, 0, 0, 0, 0, 0, 0, 0, 0, 0, 0, 0, 0, 0, 0
0, 0, 0, 0, 0, 0, 0, 0, 0, 0, 0, 0, 0, 0, 0, 0, 0, 0, 0, 0, 0, 0, 0, 0, 0, 0, 0, 0, 0, 0
0.16337, 0.128556, 0.158936, 0.125067, 0.158936, 0.121062, 0.124616, 0.121062, 0.115062, 0.143981, 0.135185, 0.116577, 0.123833, 0.143981, 0.123994, 0.14247, 0.123994, 0.142321, 0.141097, 0.142321, 0.191412, 0.163814, 0.191412, 0.164905, 0.164905, 0.163331, 0.176905, 0.163331, 0.15154, 0.150209
0, 0, 0, 0, 0, 0, 0, 0, 0, 0, 0, 0, 0, 0, 0, 0, 0, 0, 0, 0, 0, 0, 0, 0, 0, 0, 0, 0, 0, 0
0.1675, 0.131779, 0.16298, 0.128205, 0.16298, 0.124127, 0.127758, 0.124127, 0.117953, 0.147623, 0.138525, 0.119489, 0.126959, 0.147623, 0.127123, 0.146061, 0.127123, 0.145906, 0.144653, 0.145906, 0.196272, 0.16794, 0.196272, 0.169045, 0.169045, 0.167438, 0.181283, 0.167438, 0.155295, 0.153944
0.165293, 0.130057, 0.160819, 0.126528, 0.160819, 0.122489, 0.12608, 0.122489, 0.116408, 0.145677, 0.136741, 0.117933, 0.125289, 0.145677, 0.125451, 0.144142, 0.125451, 0.14399, 0.142753, 0.14399, 0.193675, 0.165735, 0.193675, 0.166833, 0.166833, 0.165243, 0.178944, 0.165243, 0.153289, 0.151949
0.167591, 0.131849, 0.163069, 0.128274, 0.163069, 0.124194, 0.127827, 0.124194, 0.118017, 0.147703, 0.138598, 0.119553, 0.127027, 0.147703, 0.127192, 0.146139, 0.127192, 0.145984, 0.144731, 0.145984, 0.196379, 0.168031, 0.196379, 0.169135, 0.169135, 0.167528, 0.181379, 0.167528, 0.155378, 0.154026
0, 0, 0, 0, 0, 0, 0, 0, 0, 0, 0, 0, 0, 0, 0, 0, 0, 0, 0, 0, 0, 0, 0, 0, 0, 0, 0, 0, 0, 0
0, 0, 0, 0, 0, 0, 0, 0, 0, 0, 0, 0, 0, 0, 0, 0, 0, 0, 0, 0, 0, 0, 0, 0, 0, 0, 0, 0, 0, 0
0.163493, 0.128652, 0.159056, 0.12516, 0.159056, 0.121153, 0.12471, 0.121153, 0.115147, 0.144089, 0.135284, 0.116663, 0.123926, 0.144089, 0.124087, 0.142577, 0.124087, 0.142427, 0.141202, 0.142427, 0.191556, 0.163936, 0.191556, 0.165028, 0.165028, 0.163453, 0.177035, 0.163453, 0.151651, 0.15032
0.158534, 0.124781, 0.154202, 0.12139, 0.154202, 0.117474, 0.120936, 0.117474, 0.111674, 0.139716, 0.131268, 0.113164, 0.120173, 0.139716, 0.120329, 0.138265, 0.120329, 0.138121, 0.136932, 0.138121, 0.185722, 0.158981, 0.185722, 0.160056, 0.160056, 0.15852, 0.171773, 0.15852, 0.147137, 0.145831
0.158126, 0.124463, 0.153803, 0.12108, 0.153803, 0.117171, 0.120626, 0.117171, 0.111389, 0.139357, 0.130938, 0.112876, 0.119864, 0.139357, 0.12002, 0.13791, 0.12002, 0.137767, 0.136581, 0.137767, 0.185242, 0.158573, 0.185242, 0.159647, 0.159647, 0.158114, 0.17134, 0.158114, 0.146765, 0.145462
0.161124, 0.126803, 0.156737, 0.12336, 0.156737, 0.119396, 0.122907, 0.119396, 0.113489, 0.142, 0.133366, 0.114992, 0.122133, 0.142, 0.122292, 0.140517, 0.122292, 0.14037, 0.139163, 0.14037, 0.188769, 0.161569, 0.188769, 0.162653, 0.162653, 0.161097, 0.174522, 0.161097, 0.149495, 0.148176
0.158036, 0.124392, 0.153715, 0.121012, 0.153715, 0.117104, 0.120557, 0.117104, 0.111325, 0.139277, 0.130865, 0.112812, 0.119796, 0.139277, 0.119952, 0.137831, 0.119952, 0.137688, 0.136503, 0.137688, 0.185136, 0.158483, 0.185136, 0.159557, 0.159557, 0.158024, 0.171244, 0.158024, 0.146683, 0.14538
0, 0, 0, 0, 0, 0, 0, 0, 0, 0, 0, 0, 0, 0, 0, 0, 0, 0, 0, 0, 0, 0, 0, 0, 0, 0, 0, 0, 0, 0
0, 0, 0, 0, 0, 0, 0, 0, 0, 0, 0, 0, 0, 0, 0, 0, 0, 0, 0, 0, 0, 0, 0, 0, 0, 0, 0, 0, 0, 0
0.147223, 0.115944, 0.143137, 0.112787, 0.143137, 0.109082, 0.112327, 0.109082, 0.103747, 0.129741, 0.122089, 0.105173, 0.111611, 0.129741, 0.111757, 0.128426, 0.111757, 0.128296, 0.127189, 0.128296, 0.17242, 0.147675, 0.17242, 0.148709, 0.148709, 0.147264, 0.159746, 0.147264, 0.136821, 0.135577
0, 0, 0, 0, 0, 0, 0, 0, 0, 0, 0, 0, 0, 0, 0, 0, 0, 0, 0, 0, 0, 0, 0, 0, 0, 0, 0, 0, 0, 0
0, 0, 0, 0, 0, 0, 0, 0, 0, 0, 0, 0, 0, 0, 0, 0, 0, 0, 0, 0, 0, 0, 0, 0, 0, 0, 0, 0, 0, 0
0, 0, 0, 0, 0, 0, 0, 0, 0, 0, 0, 0, 0, 0, 0, 0, 0, 0, 0, 0, 0, 0, 0, 0, 0, 0, 0, 0, 0, 0
